1	27 Nov 19	18:05:00	50	0	1	0	Ct	0	0	0	0	0	0	0	0	0	0	0	0	0	0	0	0	0	0	0	0	0	0	0	0	0	0	0	0	0	0	0	0	0	0
297	27 Nov 19	18:05:00	1	0	1	0	MT	0	1	25	31	6	10	6	13	17	15	36	16	6	18	24	20	15	24	5	38	17	16	19	26	12	12	34	17	17	8	32	17	34	20
297	27 Nov 19	18:05:00	1	0	1	0	CT	0	1	53	49	34	30	35	35	38	29	66	29	26	39	50	43	34	38	62	69	39	35	46	53	43	37	55	37	41	40	56	46	63	66
2	27 Nov 19	18:10:00	50	0	1	0	Ct	0	0	0	0	0	0	0	0	0	0	0	0	0	0	0	0	0	0	0	0	0	0	0	0	0	0	0	0	0	0	0	0	0	0
298	27 Nov 19	18:10:00	1	0	1	0	MT	0	1	20	28	3	6	0	15	15	10	22	14	1	16	14	14	12	24	14	46	33	18	10	15	18	10	33	10	15	17	33	18	35	20
298	27 Nov 19	18:10:00	1	0	1	0	CT	0	1	33	44	26	21	1	36	26	19	33	35	1	25	37	27	30	47	33	68	65	38	23	35	38	51	57	31	34	34	55	39	59	52
3	27 Nov 19	18:15:00	50	0	1	0	Ct	0	0	0	0	0	0	0	0	0	0	0	0	0	0	0	0	0	0	0	0	0	0	0	0	0	0	0	0	0	0	0	0	0	0
299	27 Nov 19	18:15:00	1	0	1	0	MT	0	1	16	22	3	14	7	26	22	15	9	2	0	15	12	12	15	24	13	33	26	17	18	21	16	6	25	13	19	20	30	11	30	24
299	27 Nov 19	18:15:00	1	0	1	0	CT	0	1	26	37	30	32	32	40	37	42	57	21	0	26	22	20	31	42	32	57	48	40	41	40	48	30	44	37	38	39	50	30	47	55
4	27 Nov 19	18:20:00	50	0	1	0	Ct	0	0	0	0	0	0	0	0	0	0	0	0	0	0	0	0	0	0	0	0	0	0	0	0	0	0	0	0	0	0	0	0	0	0
300	27 Nov 19	18:20:00	1	0	1	0	MT	0	1	23	28	4	9	6	25	18	13	17	1	1	18	15	8	15	26	7	21	28	17	16	16	19	5	21	8	14	19	21	14	38	28
300	27 Nov 19	18:20:00	1	0	1	0	CT	0	1	40	43	34	30	29	41	39	22	24	25	1	28	54	20	24	39	60	46	47	45	25	27	43	39	32	15	36	40	40	41	67	46
5	27 Nov 19	18:25:00	50	0	1	0	Ct	0	0	0	0	0	0	0	0	0	0	0	0	0	0	0	0	0	0	0	0	0	0	0	0	0	0	0	0	0	0	0	0	0	0
301	27 Nov 19	18:25:00	1	0	1	0	MT	0	1	0	28	1	10	5	17	27	19	6	6	0	21	11	5	20	33	4	24	24	17	16	16	26	5	20	19	16	18	16	2	36	35
301	27 Nov 19	18:25:00	1	0	1	0	CT	0	1	39	42	12	51	20	29	41	36	28	32	0	37	17	11	46	61	41	48	35	29	31	30	53	58	44	42	40	32	32	22	58	69
6	27 Nov 19	18:30:00	50	0	1	0	Ct	0	0	0	0	0	0	0	0	0	0	0	0	0	0	0	0	0	0	0	0	0	0	0	0	0	0	0	0	0	0	0	0	0	0
302	27 Nov 19	18:30:00	1	0	1	0	MT	0	1	9	24	2	22	8	13	22	16	9	12	8	21	19	10	18	32	27	37	32	18	23	12	23	6	18	14	33	24	24	15	45	27
302	27 Nov 19	18:30:00	1	0	1	0	CT	0	1	14	37	27	40	33	39	39	41	21	28	20	40	29	14	35	47	64	54	51	34	37	20	40	27	30	58	51	35	38	78	77	40
7	27 Nov 19	18:35:00	50	0	1	0	Ct	0	0	0	0	0	0	0	0	0	0	0	0	0	0	0	0	0	0	0	0	0	0	0	0	0	0	0	0	0	0	0	0	0	0
303	27 Nov 19	18:35:00	1	0	1	0	MT	0	0	30	33	3	19	8	31	44	19	32	31	26	19	15	25	24	27	23	37	24	18	25	9	17	13	22	27	25	20	24	7	22	2
303	27 Nov 19	18:35:00	1	0	1	0	CT	0	0	49	56	16	45	32	65	67	33	47	48	46	33	32	40	36	41	43	53	46	33	42	14	29	35	36	45	41	34	38	15	39	16
8	27 Nov 19	18:40:00	50	0	1	0	Ct	0	0	0	0	0	0	0	0	0	0	0	0	0	0	0	0	0	0	0	0	0	0	0	0	0	0	0	0	0	0	0	0	0	0
304	27 Nov 19	18:40:00	1	0	1	0	MT	0	0	38	31	6	25	10	27	9	17	38	14	23	14	15	15	19	31	20	36	21	17	18	17	29	13	33	21	23	14	16	16	32	24
304	27 Nov 19	18:40:00	1	0	1	0	CT	0	0	56	52	33	66	33	45	23	33	59	23	39	27	34	33	41	50	51	58	39	33	36	31	43	53	48	31	39	27	34	41	50	52
9	27 Nov 19	18:45:00	50	0	1	0	Ct	0	0	0	0	0	0	0	0	0	0	0	0	0	0	0	0	0	0	0	0	0	0	0	0	0	0	0	0	0	0	0	0	0	0
305	27 Nov 19	18:45:00	1	0	1	0	MT	0	0	45	28	6	26	7	25	17	2	27	1	14	12	14	25	7	27	23	33	21	14	20	16	18	12	28	13	42	21	18	11	30	24
305	27 Nov 19	18:45:00	1	0	1	0	CT	0	0	61	39	32	52	42	41	34	10	42	62	36	26	40	37	17	53	38	50	42	28	37	32	29	52	50	33	59	40	34	33	50	42
10	27 Nov 19	18:50:00	50	0	1	0	Ct	0	0	0	0	0	0	0	0	0	0	0	0	0	0	0	0	0	0	0	0	0	0	0	0	0	0	0	0	0	0	0	0	0	0
306	27 Nov 19	18:50:00	1	0	1	0	MT	0	0	33	26	4	23	8	21	18	18	34	0	19	25	16	29	16	33	23	33	32	14	14	13	18	14	24	11	30	15	22	24	27	6
306	27 Nov 19	18:50:00	1	0	1	0	CT	0	0	48	44	23	45	32	35	33	34	50	49	28	40	38	48	38	53	38	61	58	29	27	26	34	38	53	20	45	22	40	56	55	19
11	27 Nov 19	18:55:00	50	0	1	0	Ct	0	0	0	0	0	0	0	0	0	0	0	0	0	0	0	0	0	0	0	0	0	0	0	0	0	0	0	0	0	0	0	0	0	0
307	27 Nov 19	18:55:00	1	0	1	0	MT	0	0	29	30	5	21	6	19	34	0	33	33	15	27	12	18	18	41	21	29	35	6	21	17	12	12	22	12	27	15	22	19	23	27
307	27 Nov 19	18:55:00	1	0	1	0	CT	0	0	40	50	20	42	19	47	57	0	54	38	30	37	25	34	34	60	38	52	56	22	41	27	26	47	37	34	44	24	48	58	36	68
12	27 Nov 19	19:00:00	50	0	1	0	Ct	0	0	0	0	0	0	0	0	0	0	0	0	0	0	0	0	0	0	0	0	0	0	0	0	0	0	0	0	0	0	0	0	0	0
308	27 Nov 19	19:00:00	1	0	1	0	MT	0	0	30	25	4	27	5	50	23	0	36	33	19	18	15	15	34	25	16	37	27	15	30	19	14	14	34	11	18	18	20	21	29	10
308	27 Nov 19	19:00:00	1	0	1	0	CT	0	0	47	42	28	61	36	76	38	0	58	47	31	25	30	34	48	72	28	53	40	62	40	24	22	50	55	20	30	30	35	40	47	36
13	27 Nov 19	19:05:00	50	0	1	0	Ct	0	0	0	0	0	0	0	0	0	0	0	0	0	0	0	0	0	0	0	0	0	0	0	0	0	0	0	0	0	0	0	0	0	0
309	27 Nov 19	19:05:00	1	0	1	0	MT	0	0	27	25	5	18	7	36	32	0	54	42	14	21	15	13	27	42	21	23	21	18	27	16	13	16	24	16	48	13	24	22	24	14
309	27 Nov 19	19:05:00	1	0	1	0	CT	0	0	37	37	26	39	19	65	45	0	75	54	34	34	25	37	44	63	31	32	37	38	38	29	32	44	44	39	82	25	43	68	45	40
14	27 Nov 19	19:10:00	50	0	1	0	Ct	0	0	0	0	0	0	0	0	0	0	0	0	0	0	0	0	0	0	0	0	0	0	0	0	0	0	0	0	0	0	0	0	0	0
310	27 Nov 19	19:10:00	1	0	1	0	MT	0	0	25	35	6	20	12	28	28	0	40	29	14	17	12	18	21	35	17	39	40	21	24	20	11	12	31	18	25	24	24	17	24	15
310	27 Nov 19	19:10:00	1	0	1	0	CT	0	0	39	66	40	52	41	43	42	7	60	45	31	35	28	32	32	52	39	58	66	44	34	43	32	33	54	30	47	35	43	46	45	48
15	27 Nov 19	19:15:00	50	0	1	0	Ct	0	0	0	0	0	0	0	0	0	0	0	0	0	0	0	0	0	0	0	0	0	0	0	0	0	0	0	0	0	0	0	0	0	0
311	27 Nov 19	19:15:00	1	0	1	0	MT	0	0	37	25	4	29	12	49	43	2	40	32	24	19	16	12	18	37	36	60	30	21	16	17	11	11	17	15	21	27	27	17	27	0
311	27 Nov 19	19:15:00	1	0	1	0	CT	0	0	49	47	27	56	30	77	68	11	59	44	33	38	29	37	33	60	65	79	48	43	32	28	22	39	39	28	34	38	44	44	40	0
16	27 Nov 19	19:20:00	50	0	1	0	Ct	0	0	0	0	0	0	0	0	0	0	0	0	0	0	0	0	0	0	0	0	0	0	0	0	0	0	0	0	0	0	0	0	0	0
312	27 Nov 19	19:20:00	1	0	1	0	MT	0	0	35	24	5	32	17	35	11	4	43	45	21	14	13	10	23	33	51	34	3	20	17	15	17	6	19	15	29	18	21	19	32	0
312	27 Nov 19	19:20:00	1	0	1	0	CT	0	0	47	35	34	57	46	54	21	9	61	58	31	27	35	27	38	61	72	52	7	48	31	27	32	20	46	28	48	24	35	52	48	0
17	27 Nov 19	19:25:00	50	0	1	0	Ct	0	0	0	0	0	0	0	0	0	0	0	0	0	0	0	0	0	0	0	0	0	0	0	0	0	0	0	0	0	0	0	0	0	0
313	27 Nov 19	19:25:00	1	0	1	0	MT	0	0	29	33	3	36	9	29	22	2	49	34	11	11	16	14	18	28	42	26	0	18	24	24	12	10	18	16	32	19	23	24	31	9
313	27 Nov 19	19:25:00	1	0	1	0	CT	0	0	41	46	19	64	37	48	40	18	64	55	32	34	36	20	31	48	66	37	5	42	43	35	27	30	37	27	50	34	45	54	47	53
18	27 Nov 19	19:30:00	50	0	1	0	Ct	0	0	0	0	0	0	0	0	0	0	0	0	0	0	0	0	0	0	0	0	0	0	0	0	0	0	0	0	0	0	0	0	0	0
314	27 Nov 19	19:30:00	1	0	1	0	MT	0	0	25	40	3	22	18	45	30	0	45	29	18	23	18	15	11	26	37	25	6	14	20	18	13	11	24	8	28	17	22	23	25	24
314	27 Nov 19	19:30:00	1	0	1	0	CT	0	0	36	60	24	47	62	72	50	3	62	40	28	38	38	25	18	61	56	37	30	36	33	34	33	37	45	18	41	42	38	54	38	77
19	27 Nov 19	19:35:00	50	0	1	0	Ct	0	0	0	0	0	0	0	0	0	0	0	0	0	0	0	0	0	0	0	0	0	0	0	0	0	0	0	0	0	0	0	0	0	0
315	27 Nov 19	19:35:00	1	0	1	0	MT	0	0	27	27	5	29	10	35	36	0	26	46	21	16	18	2	18	24	24	31	6	12	16	21	14	10	19	12	26	17	25	17	27	19
315	27 Nov 19	19:35:00	1	0	1	0	CT	0	0	39	36	26	56	28	54	59	3	35	62	33	37	36	9	36	50	40	53	48	39	30	33	30	38	39	24	38	34	44	42	37	49
20	27 Nov 19	19:40:00	50	0	1	0	Ct	0	0	0	0	0	0	0	0	0	0	0	0	0	0	0	0	0	0	0	0	0	0	0	0	0	0	0	0	0	0	0	0	0	0
316	27 Nov 19	19:40:00	1	0	1	0	MT	0	0	27	30	6	15	6	36	20	6	40	36	18	11	14	8	21	30	30	42	0	13	18	22	15	11	23	9	21	15	30	24	30	23
316	27 Nov 19	19:40:00	1	0	1	0	CT	0	0	38	60	37	42	16	57	38	18	59	58	28	17	37	27	41	54	47	62	8	27	27	32	31	32	41	15	36	23	43	45	43	49
21	27 Nov 19	19:45:00	50	0	1	0	Ct	0	0	0	0	0	0	0	0	0	0	0	0	0	0	0	0	0	0	0	0	0	0	0	0	0	0	0	0	0	0	0	0	0	0
317	27 Nov 19	19:45:00	1	0	1	0	MT	0	0	27	27	4	8	5	25	15	8	40	27	8	21	27	7	18	29	27	24	0	17	15	21	12	15	18	8	18	6	23	21	36	17
317	27 Nov 19	19:45:00	1	0	1	0	CT	0	0	51	51	21	22	26	38	29	26	56	32	25	42	55	14	31	47	49	30	1	38	30	33	20	42	37	23	35	18	41	54	51	57
22	27 Nov 19	19:50:00	50	0	1	0	Ct	0	0	0	0	0	0	0	0	0	0	0	0	0	0	0	0	0	0	0	0	0	0	0	0	0	0	0	0	0	0	0	0	0	0
318	27 Nov 19	19:50:00	1	0	1	0	MT	0	0	33	19	3	17	1	33	26	8	53	28	12	15	24	9	18	28	22	30	0	12	18	28	15	18	18	11	21	0	35	21	36	16
318	27 Nov 19	19:50:00	1	0	1	0	CT	0	0	49	29	23	30	63	50	45	15	74	40	16	34	48	26	24	44	42	44	4	34	29	43	23	53	35	25	30	0	55	40	52	66
23	27 Nov 19	19:55:00	50	0	1	0	Ct	0	0	0	0	0	0	0	0	0	0	0	0	0	0	0	0	0	0	0	0	0	0	0	0	0	0	0	0	0	0	0	0	0	0
319	27 Nov 19	19:55:00	1	0	1	0	MT	0	0	36	27	0	13	0	35	11	9	54	23	13	13	18	7	14	21	19	27	2	16	11	43	19	12	38	9	23	0	34	15	24	4
319	27 Nov 19	19:55:00	1	0	1	0	CT	0	0	50	39	23	25	0	53	19	25	73	42	34	21	34	19	26	34	35	41	30	42	19	59	33	42	65	24	33	0	56	34	34	33
24	27 Nov 19	20:00:00	50	0	1	0	Ct	0	0	0	0	0	0	0	0	0	0	0	0	0	0	0	0	0	0	0	0	0	0	0	0	0	0	0	0	0	0	0	0	0	0
320	27 Nov 19	20:00:00	1	0	1	0	MT	0	0	23	21	3	2	0	27	17	23	53	25	14	21	18	19	17	27	19	33	4	11	18	23	12	12	34	14	3	0	39	18	24	12
320	27 Nov 19	20:00:00	1	0	1	0	CT	0	0	32	32	24	7	0	51	29	55	73	34	30	40	36	35	30	50	33	50	17	44	29	30	17	43	63	32	14	0	58	38	34	46
25	27 Nov 19	20:05:00	50	0	1	0	Ct	0	0	0	0	0	0	0	0	0	0	0	0	0	0	0	0	0	0	0	0	0	0	0	0	0	0	0	0	0	0	0	0	0	0
321	27 Nov 19	20:05:00	1	0	1	0	MT	0	0	18	21	3	16	1	9	20	12	8	25	20	18	17	22	12	29	18	27	0	15	24	26	12	9	14	19	24	0	36	21	24	13
321	27 Nov 19	20:05:00	1	0	1	0	CT	0	0	42	45	17	42	2	17	36	29	18	39	42	41	39	34	21	52	36	42	7	36	40	41	22	34	28	32	41	0	62	48	39	49
26	27 Nov 19	20:10:00	50	0	1	0	Ct	0	0	0	0	0	0	0	0	0	0	0	0	0	0	0	0	0	0	0	0	0	0	0	0	0	0	0	0	0	0	0	0	0	0
322	27 Nov 19	20:10:00	1	0	1	0	MT	0	0	23	13	3	2	18	16	14	11	0	22	21	3	17	9	10	30	17	27	2	14	15	29	15	8	18	9	27	0	24	14	26	14
322	27 Nov 19	20:10:00	1	0	1	0	CT	0	0	35	38	22	8	44	37	34	28	0	39	42	9	31	20	27	55	30	41	19	39	29	47	28	20	41	15	37	0	47	34	37	41
27	27 Nov 19	20:15:00	50	0	1	0	Ct	0	0	0	0	0	0	0	0	0	0	0	0	0	0	0	0	0	0	0	0	0	0	0	0	0	0	0	0	0	0	0	0	0	0
323	27 Nov 19	20:15:00	1	0	1	0	MT	0	0	30	18	3	12	11	26	30	15	0	23	18	14	20	11	15	19	19	38	2	12	22	29	12	12	16	9	22	0	18	17	25	8
323	27 Nov 19	20:15:00	1	0	1	0	CT	0	0	53	36	28	27	52	52	55	35	0	34	31	28	35	22	34	33	35	59	15	39	35	46	22	51	35	17	42	0	34	40	37	39
28	27 Nov 19	20:20:00	50	0	1	0	Ct	0	0	0	0	0	0	0	0	0	0	0	0	0	0	0	0	0	0	0	0	0	0	0	0	0	0	0	0	0	0	0	0	0	0
324	27 Nov 19	20:20:00	1	0	1	0	MT	0	0	20	17	3	18	9	21	12	13	0	22	13	13	21	7	21	24	22	27	5	19	19	21	12	6	31	3	24	0	24	17	27	11
324	27 Nov 19	20:20:00	1	0	1	0	CT	0	0	34	37	16	54	44	46	25	32	0	32	49	45	31	17	33	40	41	46	19	45	28	29	21	13	57	5	44	0	35	35	41	47
29	27 Nov 19	20:25:00	50	0	1	0	Ct	0	0	0	0	0	0	0	0	0	0	0	0	0	0	0	0	0	0	0	0	0	0	0	0	0	0	0	0	0	0	0	0	0	0
325	27 Nov 19	20:25:00	1	0	1	0	MT	0	0	16	16	3	18	10	14	11	14	0	6	14	10	15	13	15	30	30	18	8	12	20	21	15	6	25	9	18	0	20	15	18	3
325	27 Nov 19	20:25:00	1	0	1	0	CT	0	0	38	34	32	46	29	34	32	27	0	26	36	27	40	23	31	48	43	28	33	56	30	35	42	24	37	17	27	9	36	41	30	17
30	27 Nov 19	20:30:00	50	0	1	0	Ct	0	0	0	0	0	0	0	0	0	0	0	0	0	0	0	0	0	0	0	0	0	0	0	0	0	0	0	0	0	0	0	0	0	0
326	27 Nov 19	20:30:00	1	0	1	0	MT	0	0	3	17	2	20	9	18	18	24	0	0	6	10	15	12	11	24	17	33	19	11	13	12	12	2	17	32	15	0	25	16	36	15
326	27 Nov 19	20:30:00	1	0	1	0	CT	0	0	23	39	25	41	20	33	32	39	0	33	41	19	32	23	23	41	34	45	42	51	24	24	22	6	49	48	20	0	43	35	54	47
31	27 Nov 19	20:35:00	50	0	1	0	Ct	0	0	0	0	0	0	0	0	0	0	0	0	0	0	0	0	0	0	0	0	0	0	0	0	0	0	0	0	0	0	0	0	0	0
327	27 Nov 19	20:35:00	1	0	1	0	MT	0	0	0	17	4	16	12	22	14	1	0	0	8	6	18	9	12	18	18	22	2	9	18	20	12	0	19	35	0	0	22	15	28	11
327	27 Nov 19	20:35:00	1	0	1	0	CT	0	0	8	28	31	39	45	40	26	5	0	0	13	20	42	25	28	30	34	36	16	31	30	30	19	0	34	46	7	0	39	43	40	34
32	27 Nov 19	20:40:00	50	0	1	0	Ct	0	0	0	0	0	0	0	0	0	0	0	0	0	0	0	0	0	0	0	0	0	0	0	0	0	0	0	0	0	0	0	0	0	0
328	27 Nov 19	20:40:00	1	0	1	0	MT	0	0	0	20	2	17	5	11	15	13	0	0	6	9	18	4	6	18	20	20	0	9	20	21	15	0	24	30	24	2	23	17	20	11
328	27 Nov 19	20:40:00	1	0	1	0	CT	0	0	0	47	25	34	24	25	38	52	0	0	10	30	37	27	10	29	35	29	2	52	43	39	26	0	38	40	43	7	37	40	49	36
33	27 Nov 19	20:45:00	50	0	1	0	Ct	0	0	0	0	0	0	0	0	0	0	0	0	0	0	0	0	0	0	0	0	0	0	0	0	0	0	0	0	0	0	0	0	0	0
329	27 Nov 19	20:45:00	1	0	1	0	MT	0	0	2	10	0	8	1	2	18	11	0	0	12	10	12	9	4	24	15	15	0	12	21	24	16	0	30	31	24	0	21	13	33	6
329	27 Nov 19	20:45:00	1	0	1	0	CT	0	0	12	17	2	25	8	11	42	35	0	0	28	22	31	25	13	43	34	26	24	40	38	42	27	0	56	44	41	0	38	21	45	21
34	27 Nov 19	20:50:00	50	0	1	0	Ct	0	0	0	0	0	0	0	0	0	0	0	0	0	0	0	0	0	0	0	0	0	0	0	0	0	0	0	0	0	0	0	0	0	0
330	27 Nov 19	20:50:00	1	0	1	0	MT	0	0	22	18	3	7	0	0	17	16	0	0	18	3	18	1	13	21	17	25	7	12	20	15	14	0	31	16	20	10	22	14	24	6
330	27 Nov 19	20:50:00	1	0	1	0	CT	0	0	48	38	14	25	0	0	33	31	0	0	35	27	40	1	27	41	43	46	30	23	37	26	22	0	48	25	32	24	46	31	42	31
35	27 Nov 19	20:55:00	50	0	1	0	Ct	0	0	0	0	0	0	0	0	0	0	0	0	0	0	0	0	0	0	0	0	0	0	0	0	0	0	0	0	0	0	0	0	0	0
331	27 Nov 19	20:55:00	1	0	1	0	MT	0	0	11	8	3	6	2	0	16	18	0	0	10	5	17	9	11	18	17	21	21	10	15	10	9	0	23	18	21	8	26	17	15	9
331	27 Nov 19	20:55:00	1	0	1	0	CT	0	0	24	17	29	13	21	0	29	30	0	0	37	14	34	21	38	39	40	32	51	30	42	16	15	0	46	27	35	17	45	39	30	40
36	27 Nov 19	21:00:00	50	0	1	0	Ct	0	0	0	0	0	0	0	0	0	0	0	0	0	0	0	0	0	0	0	0	0	0	0	0	0	0	0	0	0	0	0	0	0	0
332	27 Nov 19	21:00:00	1	0	1	0	MT	0	0	3	24	0	6	0	0	23	8	0	0	12	6	13	5	11	20	13	26	17	11	12	5	18	0	18	14	15	11	26	15	18	3
332	27 Nov 19	21:00:00	1	0	1	0	CT	0	0	14	36	25	26	0	0	37	21	0	0	18	24	28	12	30	34	45	42	30	34	25	59	30	0	38	37	26	22	43	33	27	12
37	27 Nov 19	21:05:00	50	0	1	0	Ct	0	0	0	0	0	0	0	0	0	0	0	0	0	0	0	0	0	0	0	0	0	0	0	0	0	0	0	0	0	0	0	0	0	0
333	27 Nov 19	21:05:00	1	0	1	0	MT	0	0	0	20	3	9	0	1	24	10	0	0	6	6	17	0	15	19	17	20	18	4	13	14	12	0	24	7	17	2	23	11	24	1
333	27 Nov 19	21:05:00	1	0	1	0	CT	0	0	41	33	19	20	0	10	37	19	0	0	21	24	44	0	42	40	35	33	34	46	20	19	23	0	46	9	32	6	48	29	35	11
38	27 Nov 19	21:10:00	50	0	1	0	Ct	0	0	0	0	0	0	0	0	0	0	0	0	0	0	0	0	0	0	0	0	0	0	0	0	0	0	0	0	0	0	0	0	0	0
334	27 Nov 19	21:10:00	1	0	1	0	MT	0	0	0	20	2	10	0	0	17	12	0	0	0	4	20	0	16	16	5	22	12	5	11	23	12	0	25	0	13	11	27	18	33	13
334	27 Nov 19	21:10:00	1	0	1	0	CT	0	0	2	39	34	27	0	0	52	27	0	0	1	13	36	0	28	33	33	30	24	23	18	31	32	0	53	24	51	24	53	34	45	50
39	27 Nov 19	21:15:00	50	0	1	0	Ct	0	0	0	0	0	0	0	0	0	0	0	0	0	0	0	0	0	0	0	0	0	0	0	0	0	0	0	0	0	0	0	0	0	0
335	27 Nov 19	21:15:00	1	0	1	0	MT	0	0	0	15	1	17	0	0	16	9	0	0	0	1	17	3	6	11	0	19	3	16	16	24	5	0	21	0	12	14	24	3	24	14
335	27 Nov 19	21:15:00	1	0	1	0	CT	0	0	2	27	11	45	0	0	29	24	0	0	6	2	38	15	25	28	0	32	4	32	35	35	14	0	40	21	24	28	46	6	39	35
40	27 Nov 19	21:20:00	50	0	1	0	Ct	0	0	0	0	0	0	0	0	0	0	0	0	0	0	0	0	0	0	0	0	0	0	0	0	0	0	0	0	0	0	0	0	0	0
336	27 Nov 19	21:20:00	1	0	1	0	MT	0	0	0	10	3	9	0	0	15	9	0	0	0	0	17	1	10	16	0	19	0	9	11	27	11	0	13	0	21	17	27	6	22	6
336	27 Nov 19	21:20:00	1	0	1	0	CT	0	0	53	38	27	38	0	0	27	27	0	0	15	0	31	1	31	28	0	35	6	35	23	46	28	0	47	0	31	35	43	35	31	18
41	27 Nov 19	21:25:00	50	0	1	0	Ct	0	0	0	0	0	0	0	0	0	0	0	0	0	0	0	0	0	0	0	0	0	0	0	0	0	0	0	0	0	0	0	0	0	0
337	27 Nov 19	21:25:00	1	0	1	0	MT	0	0	0	8	3	9	0	0	13	7	0	0	4	0	14	0	13	12	0	18	10	10	9	6	10	0	14	4	15	12	23	7	19	2
337	27 Nov 19	21:25:00	1	0	1	0	CT	0	0	0	29	24	22	0	1	23	20	1	0	15	0	27	0	23	26	0	29	34	47	18	10	19	0	31	7	25	19	47	19	33	17
42	27 Nov 19	21:30:00	50	0	1	0	Ct	0	0	0	0	0	0	0	0	0	0	0	0	0	0	0	0	0	0	0	0	0	0	0	0	0	0	0	0	0	0	0	0	0	0
338	27 Nov 19	21:30:00	1	0	1	0	MT	0	0	0	4	1	10	0	0	17	10	0	0	2	0	12	0	9	11	0	9	18	13	1	5	2	0	36	24	0	9	24	15	15	6
338	27 Nov 19	21:30:00	1	0	1	0	CT	0	0	0	11	12	34	0	0	30	21	0	0	11	0	53	0	23	27	0	27	29	61	30	10	12	0	55	40	0	14	39	37	24	27
43	27 Nov 19	21:35:00	50	0	1	0	Ct	0	0	0	0	0	0	0	0	0	0	0	0	0	0	0	0	0	0	0	0	0	0	0	0	0	0	0	0	0	0	0	0	0	0
339	27 Nov 19	21:35:00	1	0	1	0	MT	0	0	0	4	2	12	0	0	9	17	0	0	0	0	11	0	6	16	0	22	18	10	0	18	7	0	21	13	0	16	22	19	23	18
339	27 Nov 19	21:35:00	1	0	1	0	CT	0	0	0	11	8	29	0	0	24	26	2	0	0	0	31	0	18	34	0	32	35	30	0	33	22	0	36	23	0	35	41	40	42	46
44	27 Nov 19	21:40:00	50	0	1	0	Ct	0	0	0	0	0	0	0	0	0	0	0	0	0	0	0	0	0	0	0	0	0	0	0	0	0	0	0	0	0	0	0	0	0	0
340	27 Nov 19	21:40:00	1	0	1	0	MT	0	0	0	8	0	12	0	0	17	4	0	0	0	0	11	0	15	16	0	30	11	9	0	10	3	0	18	5	9	1	19	11	24	9
340	27 Nov 19	21:40:00	1	0	1	0	CT	0	0	1	16	0	28	0	0	26	9	4	0	0	0	28	0	29	34	0	43	42	35	0	16	6	0	40	10	28	2	38	42	40	30
45	27 Nov 19	21:45:00	50	0	1	0	Ct	0	0	0	0	0	0	0	0	0	0	0	0	0	0	0	0	0	0	0	0	0	0	0	0	0	0	0	0	0	0	0	0	0	0
341	27 Nov 19	21:45:00	1	0	1	0	MT	0	0	0	8	0	10	0	0	17	15	0	0	0	0	17	0	16	20	0	3	13	0	0	7	0	0	16	0	23	13	25	14	22	9
341	27 Nov 19	21:45:00	1	0	1	0	CT	0	0	0	26	2	23	0	0	26	31	5	0	0	2	29	0	43	36	0	5	23	0	0	14	0	0	34	0	45	26	46	29	42	37
46	27 Nov 19	21:50:00	50	0	1	0	Ct	0	0	0	0	0	0	0	0	0	0	0	0	0	0	0	0	0	0	0	0	0	0	0	0	0	0	0	0	0	0	0	0	0	0
342	27 Nov 19	21:50:00	1	0	1	0	MT	0	0	0	18	0	4	0	0	15	10	0	0	0	0	13	0	15	17	0	23	12	13	0	10	0	0	17	0	22	4	19	8	24	9
342	27 Nov 19	21:50:00	1	0	1	0	CT	0	0	0	41	13	17	0	0	41	24	3	0	0	0	31	0	25	31	0	34	27	30	0	21	0	0	37	0	36	11	31	23	37	31
47	27 Nov 19	21:55:00	50	0	1	0	Ct	0	0	0	0	0	0	0	0	0	0	0	0	0	0	0	0	0	0	0	0	0	0	0	0	0	0	0	0	0	0	0	0	0	0
343	27 Nov 19	21:55:00	1	0	1	0	MT	0	0	0	11	1	0	0	0	16	2	0	0	0	0	12	0	14	13	0	18	15	6	0	0	0	0	33	0	0	0	24	5	10	9
343	27 Nov 19	21:55:00	1	0	1	0	CT	0	0	0	28	8	0	0	1	26	54	1	0	0	1	30	0	25	32	0	33	34	24	0	0	0	0	61	0	0	0	42	79	23	39
48	27 Nov 19	22:00:00	50	0	1	0	Ct	0	0	0	0	0	0	0	0	0	0	0	0	0	0	0	0	0	0	0	0	0	0	0	0	0	0	0	0	0	0	0	0	0	0
344	27 Nov 19	22:00:00	1	0	1	0	MT	0	0	0	13	0	0	0	0	20	0	0	0	0	0	17	0	16	17	0	16	12	8	0	1	0	0	24	0	14	2	18	9	23	0
344	27 Nov 19	22:00:00	1	0	1	0	CT	0	0	0	24	52	0	0	2	39	17	3	0	11	0	29	0	24	41	0	25	44	35	0	3	0	0	40	0	33	20	32	32	44	0
49	27 Nov 19	22:05:00	50	0	1	0	Ct	0	0	0	0	0	0	0	0	0	0	0	0	0	0	0	0	0	0	0	0	0	0	0	0	0	0	0	0	0	0	0	0	0	0
345	27 Nov 19	22:05:00	1	0	1	0	MT	0	0	0	7	1	0	0	0	9	0	0	0	0	0	12	0	12	13	0	1	15	9	0	0	0	0	22	0	13	9	13	0	12	9
345	27 Nov 19	22:05:00	1	0	1	0	CT	0	0	0	24	16	0	0	0	26	41	7	0	0	0	29	0	28	31	0	4	33	39	0	0	0	0	45	0	28	21	29	1	36	44
50	27 Nov 19	22:10:00	50	0	1	0	Ct	0	0	0	0	0	0	0	0	0	0	0	0	0	0	0	0	0	0	0	0	0	0	0	0	0	0	0	0	0	0	0	0	0	0
346	27 Nov 19	22:10:00	1	0	1	0	MT	0	0	0	0	3	0	0	0	11	0	0	0	0	0	18	0	10	9	0	0	12	6	0	19	0	0	21	0	18	9	14	0	13	9
346	27 Nov 19	22:10:00	1	0	1	0	CT	0	0	0	3	26	0	0	1	32	8	10	0	0	0	32	0	17	24	1	0	28	26	0	34	7	0	33	0	36	27	36	0	36	35
51	27 Nov 19	22:15:00	50	0	1	0	Ct	0	0	0	0	0	0	0	0	0	0	0	0	0	0	0	0	0	0	0	0	0	0	0	0	0	0	0	0	0	0	0	0	0	0
347	27 Nov 19	22:15:00	1	0	1	0	MT	0	0	0	0	0	0	0	0	6	0	0	0	0	0	10	0	16	15	1	0	12	6	0	13	0	0	17	0	18	9	16	0	24	3
347	27 Nov 19	22:15:00	1	0	1	0	CT	0	0	0	0	0	0	0	1	13	2	7	0	0	1	36	0	37	35	12	0	30	31	0	33	2	0	49	0	33	32	21	0	41	21
52	27 Nov 19	22:20:00	50	0	1	0	Ct	0	0	0	0	0	0	0	0	0	0	0	0	0	0	0	0	0	0	0	0	0	0	0	0	0	0	0	0	0	0	0	0	0	0
348	27 Nov 19	22:20:00	1	0	1	0	MT	0	0	0	0	2	0	0	0	0	1	0	0	0	0	5	0	13	18	3	0	1	6	0	14	6	0	6	0	14	9	12	0	21	8
348	27 Nov 19	22:20:00	1	0	1	0	CT	0	0	0	0	22	0	0	9	0	4	0	0	0	0	15	0	27	36	12	0	2	29	0	26	16	0	12	0	33	28	38	0	40	42
53	27 Nov 19	22:25:00	50	0	1	0	Ct	0	0	0	0	0	0	0	0	0	0	0	0	0	0	0	0	0	0	0	0	0	0	0	0	0	0	0	0	0	0	0	0	0	0
349	27 Nov 19	22:25:00	1	0	1	0	MT	0	0	0	2	1	0	0	0	0	0	0	0	0	0	0	0	9	9	1	0	15	8	0	5	1	0	15	0	1	9	13	0	20	8
349	27 Nov 19	22:25:00	1	0	1	0	CT	0	0	0	3	9	0	0	0	0	0	0	0	0	0	13	0	18	21	11	0	30	59	0	15	3	0	25	0	2	31	45	0	39	40
54	27 Nov 19	22:30:00	50	0	1	0	Ct	0	0	0	0	0	0	0	0	0	0	0	0	0	0	0	0	0	0	0	0	0	0	0	0	0	0	0	0	0	0	0	0	0	0
350	27 Nov 19	22:30:00	1	0	1	0	MT	0	0	0	0	1	0	0	0	0	0	0	0	0	0	0	0	9	9	1	0	12	11	0	0	1	0	16	0	1	8	16	0	15	4
350	27 Nov 19	22:30:00	1	0	1	0	CT	0	0	0	0	18	0	0	0	0	0	0	0	0	0	35	0	19	32	4	0	18	37	0	1	9	0	34	0	6	23	44	0	38	33
55	27 Nov 19	22:35:00	50	0	1	0	Ct	0	0	0	0	0	0	0	0	0	0	0	0	0	0	0	0	0	0	0	0	0	0	0	0	0	0	0	0	0	0	0	0	0	0
351	27 Nov 19	22:35:00	1	0	1	0	MT	0	0	0	0	1	0	0	0	0	0	0	0	0	0	0	0	6	11	0	0	9	9	0	0	2	0	28	0	10	10	19	1	16	3
351	27 Nov 19	22:35:00	1	0	1	0	CT	0	0	0	0	16	0	0	0	1	13	0	0	0	0	0	0	51	31	0	0	22	26	0	0	10	0	48	0	29	18	30	10	26	23
56	27 Nov 19	22:40:00	50	0	1	0	Ct	0	0	0	0	0	0	0	0	0	0	0	0	0	0	0	0	0	0	0	0	0	0	0	0	0	0	0	0	0	0	0	0	0	0
352	27 Nov 19	22:40:00	1	0	1	0	MT	0	0	0	0	1	0	0	0	4	0	0	0	0	0	0	0	10	10	0	0	12	2	0	0	0	0	19	0	14	5	17	3	14	4
352	27 Nov 19	22:40:00	1	0	1	0	CT	0	0	0	0	17	0	0	0	21	0	0	0	0	0	0	0	27	27	0	0	22	16	0	0	2	0	38	0	27	22	32	29	36	17
57	27 Nov 19	22:45:00	50	0	1	0	Ct	0	0	0	0	0	0	0	0	0	0	0	0	0	0	0	0	0	0	0	0	0	0	0	0	0	0	0	0	0	0	0	0	0	0
353	27 Nov 19	22:45:00	1	0	1	0	MT	0	0	0	0	3	0	0	0	4	0	0	0	0	0	0	0	14	6	0	0	1	7	0	0	6	0	16	0	24	9	18	2	14	3
353	27 Nov 19	22:45:00	1	0	1	0	CT	0	0	0	9	18	0	0	0	26	0	0	0	0	0	0	0	31	27	0	0	2	32	0	1	15	0	37	0	41	21	35	9	34	14
58	27 Nov 19	22:50:00	50	0	1	0	Ct	0	0	0	0	0	0	0	0	0	0	0	0	0	0	0	0	0	0	0	0	0	0	0	0	0	0	0	0	0	0	0	0	0	0
354	27 Nov 19	22:50:00	1	0	1	0	MT	0	0	0	0	0	1	0	0	5	0	0	0	0	0	0	0	6	0	0	0	5	10	0	0	2	0	22	0	15	6	20	1	12	8
354	27 Nov 19	22:50:00	1	0	1	0	CT	0	0	0	0	7	3	0	0	16	0	0	0	0	0	0	0	19	63	0	0	29	30	0	1	7	0	43	2	35	15	39	1	29	35
59	27 Nov 19	22:55:00	50	0	1	0	Ct	0	0	0	0	0	0	0	0	0	0	0	0	0	0	0	0	0	0	0	0	0	0	0	0	0	0	0	0	0	0	0	0	0	0
355	27 Nov 19	22:55:00	1	0	1	0	MT	0	0	0	0	0	0	0	0	3	0	0	0	0	0	0	0	10	10	0	0	12	3	0	0	4	0	15	0	3	9	20	0	3	8
355	27 Nov 19	22:55:00	1	0	1	0	CT	0	0	0	0	0	2	0	0	10	1	0	0	0	0	0	0	17	38	0	0	27	28	0	0	12	0	33	0	8	32	32	0	15	40
60	27 Nov 19	23:00:00	50	0	1	0	Ct	0	0	0	0	0	0	0	0	0	0	0	0	0	0	0	0	0	0	0	0	0	0	0	0	0	0	0	0	0	0	0	0	0	0
356	27 Nov 19	23:00:00	1	0	1	0	MT	0	0	0	0	0	0	0	0	10	0	0	0	0	0	0	0	7	14	0	0	17	7	0	0	0	0	15	0	0	3	16	0	10	4
356	27 Nov 19	23:00:00	1	0	1	0	CT	0	0	0	0	0	0	0	0	30	4	0	0	0	0	0	0	15	37	0	2	38	19	0	0	0	0	38	1	0	14	36	0	84	35
61	27 Nov 19	23:05:00	50	0	1	0	Ct	0	0	0	0	0	0	0	0	0	0	0	0	0	0	0	0	0	0	0	0	0	0	0	0	0	0	0	0	0	0	0	0	0	0
357	27 Nov 19	23:05:00	1	0	1	0	MT	0	0	0	0	0	0	0	0	7	2	0	0	0	0	0	2	14	10	0	0	15	0	0	0	1	0	12	0	0	9	16	0	6	5
357	27 Nov 19	23:05:00	1	0	1	0	CT	0	0	0	0	0	0	0	0	17	10	0	0	0	0	0	10	27	22	0	0	36	0	0	0	11	0	31	1	6	18	29	0	10	22
62	27 Nov 19	23:10:00	50	0	1	0	Ct	0	0	0	0	0	0	0	0	0	0	0	0	0	0	0	0	0	0	0	0	0	0	0	0	0	0	0	0	0	0	0	0	0	0
358	27 Nov 19	23:10:00	1	0	1	0	MT	0	0	0	0	0	0	0	0	9	7	0	0	0	0	0	2	6	11	0	0	10	0	0	0	0	0	18	0	0	6	7	0	27	4
358	27 Nov 19	23:10:00	1	0	1	0	CT	0	0	0	0	0	0	0	0	14	49	2	0	0	0	0	14	13	25	0	0	31	0	0	0	16	0	39	0	0	15	14	0	56	11
63	27 Nov 19	23:15:00	50	0	1	0	Ct	0	0	0	0	0	0	0	0	0	0	0	0	0	0	0	0	0	0	0	0	0	0	0	0	0	0	0	0	0	0	0	0	0	0
359	27 Nov 19	23:15:00	1	0	1	0	MT	0	0	0	0	0	0	0	0	0	13	0	0	0	6	0	6	0	7	0	0	13	0	0	0	0	0	18	0	0	9	14	0	20	3
359	27 Nov 19	23:15:00	1	0	1	0	CT	0	0	3	0	0	0	0	0	5	46	3	0	0	23	4	30	0	16	0	0	28	0	0	0	36	0	36	0	0	23	27	0	43	16
64	27 Nov 19	23:20:00	50	0	1	0	Ct	0	0	0	0	0	0	0	0	0	0	0	0	0	0	0	0	0	0	0	0	0	0	0	0	0	0	0	0	0	0	0	0	0	0
360	27 Nov 19	23:20:00	1	0	1	0	MT	0	0	0	0	1	0	0	0	13	6	0	0	0	7	0	7	0	5	0	0	9	0	0	0	0	0	22	0	0	6	13	0	10	0
360	27 Nov 19	23:20:00	1	0	1	0	CT	0	0	0	0	1	0	0	0	29	18	6	0	1	39	7	38	0	16	0	0	27	0	0	0	7	0	51	0	0	16	29	0	37	0
65	27 Nov 19	23:25:00	50	0	1	0	Ct	0	0	0	0	0	0	0	0	0	0	0	0	0	0	0	0	0	0	0	0	0	0	0	0	0	0	0	0	0	0	0	0	0	0
361	27 Nov 19	23:25:00	1	0	1	0	MT	0	0	0	0	0	0	0	0	7	8	0	0	0	12	0	5	0	0	0	0	6	0	0	0	19	0	29	0	0	7	8	0	20	6
361	27 Nov 19	23:25:00	1	0	1	0	CT	0	0	2	0	1	0	0	0	10	24	0	0	0	40	0	26	0	37	0	0	63	0	0	0	36	0	51	0	0	14	71	0	37	23
66	27 Nov 19	23:30:00	50	0	1	0	Ct	0	0	0	0	0	0	0	0	0	0	0	0	0	0	0	0	0	0	0	0	0	0	0	0	0	0	0	0	0	0	0	0	0	0
362	27 Nov 19	23:30:00	1	0	1	0	MT	0	0	0	0	0	0	0	0	0	0	0	0	0	10	0	3	0	7	0	0	0	0	0	0	14	0	20	0	0	5	7	0	26	4
362	27 Nov 19	23:30:00	1	0	1	0	CT	0	0	4	0	7	1	0	0	0	2	2	0	1	47	0	21	1	24	0	0	3	0	0	0	41	0	42	0	0	18	7	0	52	20
67	27 Nov 19	23:35:00	50	0	1	0	Ct	0	0	0	0	0	0	0	0	0	0	0	0	0	0	0	0	0	0	0	0	0	0	0	0	0	0	0	0	0	0	0	0	0	0
363	27 Nov 19	23:35:00	1	0	1	0	MT	0	0	0	0	0	0	0	0	0	0	0	0	0	2	0	2	0	7	0	0	0	0	0	0	11	0	23	0	0	7	0	0	11	3
363	27 Nov 19	23:35:00	1	0	1	0	CT	0	0	0	0	0	1	0	0	0	0	2	0	33	29	1	4	1	19	0	0	0	0	0	0	31	0	44	0	0	12	0	0	36	15
68	27 Nov 19	23:40:00	50	0	1	0	Ct	0	0	0	0	0	0	0	0	0	0	0	0	0	0	0	0	0	0	0	0	0	0	0	0	0	0	0	0	0	0	0	0	0	0
364	27 Nov 19	23:40:00	1	0	1	0	MT	0	0	0	0	0	0	0	0	0	0	0	0	0	4	0	0	0	8	0	0	0	0	0	0	4	0	13	0	0	0	0	0	21	1
364	27 Nov 19	23:40:00	1	0	1	0	CT	0	0	0	0	6	0	0	0	0	0	1	0	0	19	0	0	2	19	0	0	0	0	0	0	18	0	62	0	0	0	0	0	42	4
69	27 Nov 19	23:45:00	50	0	1	0	Ct	0	0	0	0	0	0	0	0	0	0	0	0	0	0	0	0	0	0	0	0	0	0	0	0	0	0	0	0	0	0	0	0	0	0
365	27 Nov 19	23:45:00	1	0	1	0	MT	0	0	0	0	0	0	0	0	0	0	0	0	0	4	0	0	0	5	0	0	0	0	0	0	7	0	9	0	0	0	0	0	18	0
365	27 Nov 19	23:45:00	1	0	1	0	CT	0	0	0	0	17	0	0	0	0	0	2	0	3	86	0	0	4	19	0	0	0	1	0	0	20	0	51	0	0	0	0	0	45	3
70	27 Nov 19	23:50:00	50	0	1	0	Ct	0	0	0	0	0	0	0	0	0	0	0	0	0	0	0	0	0	0	0	0	0	0	0	0	0	0	0	0	0	0	0	0	0	0
366	27 Nov 19	23:50:00	1	0	1	0	MT	0	0	0	0	0	0	0	0	0	0	0	0	0	7	0	0	0	6	0	0	0	0	0	0	0	0	0	0	0	0	0	2	7	0
366	27 Nov 19	23:50:00	1	0	1	0	CT	0	0	0	0	5	1	0	0	0	0	1	0	0	54	0	0	0	17	0	0	0	0	0	2	0	0	1	0	0	0	0	7	18	0
71	27 Nov 19	23:55:00	50	0	1	0	Ct	0	0	0	0	0	0	0	0	0	0	0	0	0	0	0	0	0	0	0	0	0	0	0	0	0	0	0	0	0	0	0	0	0	0
367	27 Nov 19	23:55:00	1	0	1	0	MT	0	0	0	0	0	0	0	0	2	0	0	0	0	8	0	0	0	4	0	0	0	0	0	0	0	0	0	0	0	0	0	0	1	0
367	27 Nov 19	23:55:00	1	0	1	0	CT	0	0	0	0	0	3	0	0	15	0	3	0	0	26	0	0	0	12	0	0	0	0	0	0	8	0	0	0	0	0	0	0	23	0
72	28 Nov 19	00:00:00	50	0	1	0	Ct	0	0	0	0	0	0	0	0	0	0	0	0	0	0	0	0	0	0	0	0	0	0	0	0	0	0	0	0	0	0	0	0	0	0
368	28 Nov 19	00:00:00	1	0	1	0	MT	0	0	0	0	0	0	0	0	0	0	0	0	0	1	0	0	0	3	0	0	0	0	0	0	1	0	0	0	0	0	0	0	12	0
368	28 Nov 19	00:00:00	1	0	1	0	CT	0	0	0	0	0	9	0	0	5	0	1	0	0	32	1	0	0	9	0	0	0	0	0	0	8	0	0	0	0	0	0	0	34	0
73	28 Nov 19	00:05:00	50	0	1	0	Ct	0	0	0	0	0	0	0	0	0	0	0	0	0	0	0	0	0	0	0	0	0	0	0	0	0	0	0	0	0	0	0	0	0	0
369	28 Nov 19	00:05:00	1	0	1	0	MT	0	0	0	0	0	0	0	0	0	0	0	0	0	0	0	0	0	2	0	0	0	0	0	0	9	0	0	0	0	0	0	0	17	0
369	28 Nov 19	00:05:00	1	0	1	0	CT	0	0	0	0	0	5	0	0	63	0	0	0	0	0	0	0	0	13	0	0	0	0	0	2	43	0	0	0	0	0	0	0	60	0
74	28 Nov 19	00:10:00	50	0	1	0	Ct	0	0	0	0	0	0	0	0	0	0	0	0	0	0	0	0	0	0	0	0	0	0	0	0	0	0	0	0	0	0	0	0	0	0
370	28 Nov 19	00:10:00	1	0	1	0	MT	0	0	0	0	0	0	0	0	0	0	0	0	0	0	0	0	0	3	0	0	0	0	0	0	5	0	0	0	0	0	0	0	1	0
370	28 Nov 19	00:10:00	1	0	1	0	CT	0	0	0	0	0	0	0	0	15	0	0	0	0	1	18	0	0	15	0	0	0	0	0	14	20	0	0	0	0	0	0	0	17	0
75	28 Nov 19	00:15:00	50	0	1	0	Ct	0	0	0	0	0	0	0	0	0	0	0	0	0	0	0	0	0	0	0	0	0	0	0	0	0	0	0	0	0	0	0	0	0	0
371	28 Nov 19	00:15:00	1	0	1	0	MT	0	0	0	0	0	0	0	0	5	0	0	0	0	0	0	0	0	0	0	0	0	0	0	0	3	0	1	0	0	0	0	0	0	0
371	28 Nov 19	00:15:00	1	0	1	0	CT	0	0	0	0	0	3	0	0	14	0	0	0	0	0	0	0	0	0	0	0	0	0	0	0	27	0	1	0	0	0	0	0	1	0
76	28 Nov 19	00:20:00	50	0	1	0	Ct	0	0	0	0	0	0	0	0	0	0	0	0	0	0	0	0	0	0	0	0	0	0	0	0	0	0	0	0	0	0	0	0	0	0
372	28 Nov 19	00:20:00	1	0	1	0	MT	0	0	0	0	0	0	0	0	5	0	0	0	0	0	0	0	0	0	0	0	0	0	0	0	0	0	15	0	0	0	0	0	0	0
372	28 Nov 19	00:20:00	1	0	1	0	CT	0	0	0	0	0	0	0	0	14	0	0	0	0	4	3	0	0	4	0	0	0	0	0	0	2	0	31	0	0	0	0	0	0	0
77	28 Nov 19	00:25:00	50	0	1	0	Ct	0	0	0	0	0	0	0	0	0	0	0	0	0	0	0	0	0	0	0	0	0	0	0	0	0	0	0	0	0	0	0	0	0	0
373	28 Nov 19	00:25:00	1	0	1	0	MT	0	0	0	0	0	0	0	0	1	0	0	0	0	0	0	0	0	0	0	0	0	0	0	0	0	0	20	0	0	0	0	0	0	0
373	28 Nov 19	00:25:00	1	0	1	0	CT	0	0	0	0	0	0	0	0	3	0	0	0	0	0	0	0	0	0	0	0	0	0	0	0	8	0	36	0	0	0	0	0	0	0
78	28 Nov 19	00:30:00	50	0	1	0	Ct	0	0	0	0	0	0	0	0	0	0	0	0	0	0	0	0	0	0	0	0	0	0	0	0	0	0	0	0	0	0	0	0	0	0
374	28 Nov 19	00:30:00	1	0	1	0	MT	0	0	0	0	0	0	0	0	1	0	0	0	0	0	0	0	0	0	0	0	0	0	0	0	0	0	20	0	0	0	0	0	0	0
374	28 Nov 19	00:30:00	1	0	1	0	CT	0	0	0	0	0	0	0	0	3	0	0	0	0	1	0	0	0	0	0	0	0	0	4	0	0	0	40	0	0	0	0	0	0	0
79	28 Nov 19	00:35:00	50	0	1	0	Ct	0	0	0	0	0	0	0	0	0	0	0	0	0	0	0	0	0	0	0	0	0	0	0	0	0	0	0	0	0	0	0	0	0	0
375	28 Nov 19	00:35:00	1	0	1	0	MT	0	0	0	0	0	0	0	0	0	0	0	0	0	0	0	0	0	0	0	0	0	0	0	0	0	0	0	0	0	0	0	0	0	0
375	28 Nov 19	00:35:00	1	0	1	0	CT	0	0	0	0	0	0	0	0	1	0	0	0	0	0	0	0	0	0	0	0	0	0	2	0	9	0	0	0	0	0	0	0	0	0
80	28 Nov 19	00:40:00	50	0	1	0	Ct	0	0	0	0	0	0	0	0	0	0	0	0	0	0	0	0	0	0	0	0	0	0	0	0	0	0	0	0	0	0	0	0	0	0
376	28 Nov 19	00:40:00	1	0	1	0	MT	0	0	0	0	0	0	0	0	0	0	0	0	0	0	0	0	0	0	0	0	0	0	0	0	0	0	0	0	0	0	0	0	0	0
376	28 Nov 19	00:40:00	1	0	1	0	CT	0	0	0	0	0	2	0	0	0	0	0	0	0	0	0	0	0	0	0	0	0	0	1	0	0	0	0	0	0	0	0	21	1	0
81	28 Nov 19	00:45:00	50	0	1	0	Ct	0	0	0	0	0	0	0	0	0	0	0	0	0	0	0	0	0	0	0	0	0	0	0	0	0	0	0	0	0	0	0	0	0	0
377	28 Nov 19	00:45:00	1	0	1	0	MT	0	0	0	0	0	0	0	0	0	0	0	0	0	0	0	0	0	2	0	0	0	0	0	0	0	0	0	0	0	0	0	0	0	0
377	28 Nov 19	00:45:00	1	0	1	0	CT	0	0	0	0	0	0	0	0	0	0	0	0	0	0	0	0	0	26	0	0	0	24	2	0	0	0	0	0	0	0	0	1	4	0
82	28 Nov 19	00:50:00	50	0	1	0	Ct	0	0	0	0	0	0	0	0	0	0	0	0	0	0	0	0	0	0	0	0	0	0	0	0	0	0	0	0	0	0	0	0	0	0
378	28 Nov 19	00:50:00	1	0	1	0	MT	0	0	0	0	0	0	0	0	0	0	0	0	0	0	0	0	0	1	0	0	0	0	0	0	0	0	0	0	0	0	0	0	0	0
378	28 Nov 19	00:50:00	1	0	1	0	CT	0	0	17	0	0	0	0	33	0	0	0	0	0	1	0	0	0	15	0	0	0	58	0	0	0	0	0	0	0	0	0	0	0	0
83	28 Nov 19	00:55:00	50	0	1	0	Ct	0	0	0	0	0	0	0	0	0	0	0	0	0	0	0	0	0	0	0	0	0	0	0	0	0	0	0	0	0	0	0	0	0	0
379	28 Nov 19	00:55:00	1	0	1	0	MT	0	0	0	0	0	0	0	0	0	0	0	0	0	0	0	0	0	4	0	0	0	0	0	0	0	0	0	0	0	0	0	0	0	1
379	28 Nov 19	00:55:00	1	0	1	0	CT	0	0	3	0	0	0	0	0	0	0	0	0	0	0	0	0	0	21	0	0	0	0	0	0	0	0	0	0	0	0	0	5	0	22
84	28 Nov 19	01:00:00	50	0	1	0	Ct	0	0	0	0	0	0	0	0	0	0	0	0	0	0	0	0	0	0	0	0	0	0	0	0	0	0	0	0	0	0	0	0	0	0
380	28 Nov 19	01:00:00	1	0	1	0	MT	0	0	0	0	0	0	0	0	0	0	0	0	0	0	0	0	0	0	0	0	0	0	0	0	0	0	2	0	0	0	1	0	0	0
380	28 Nov 19	01:00:00	1	0	1	0	CT	0	0	0	0	0	0	0	0	0	0	0	0	0	0	0	0	0	0	0	0	0	0	0	0	0	0	10	0	0	0	35	0	0	0
85	28 Nov 19	01:05:00	50	0	1	0	Ct	0	0	0	0	0	0	0	0	0	0	0	0	0	0	0	0	0	0	0	0	0	0	0	0	0	0	0	0	0	0	0	0	0	0
381	28 Nov 19	01:05:00	1	0	1	0	MT	0	0	0	0	0	0	0	0	0	0	0	0	0	0	0	0	0	0	0	0	0	0	0	0	0	0	8	0	0	0	0	0	0	0
381	28 Nov 19	01:05:00	1	0	1	0	CT	0	0	32	0	0	2	0	0	0	0	0	0	0	0	0	0	0	0	0	21	0	0	0	0	0	0	29	0	0	0	0	0	0	0
86	28 Nov 19	01:10:00	50	0	1	0	Ct	0	0	0	0	0	0	0	0	0	0	0	0	0	0	0	0	0	0	0	0	0	0	0	0	0	0	0	0	0	0	0	0	0	0
382	28 Nov 19	01:10:00	1	0	1	0	MT	0	0	0	0	0	0	0	0	0	0	0	0	0	0	0	0	0	0	0	0	0	0	0	0	0	0	15	0	0	0	0	0	0	0
382	28 Nov 19	01:10:00	1	0	1	0	CT	0	0	0	0	0	0	0	0	0	0	0	0	0	3	0	0	0	0	0	0	0	0	0	0	0	0	51	0	0	0	0	0	0	0
87	28 Nov 19	01:15:00	50	0	1	0	Ct	0	0	0	0	0	0	0	0	0	0	0	0	0	0	0	0	0	0	0	0	0	0	0	0	0	0	0	0	0	0	0	0	0	0
383	28 Nov 19	01:15:00	1	0	1	0	MT	0	0	0	0	0	0	0	0	0	0	0	0	0	0	0	0	0	0	0	0	0	0	0	0	0	0	16	0	0	0	0	0	0	0
383	28 Nov 19	01:15:00	1	0	1	0	CT	0	0	6	0	0	0	0	0	0	0	0	0	0	0	0	0	0	8	0	0	0	3	0	0	0	0	44	0	0	0	0	0	0	0
88	28 Nov 19	01:20:00	50	0	1	0	Ct	0	0	0	0	0	0	0	0	0	0	0	0	0	0	0	0	0	0	0	0	0	0	0	0	0	0	0	0	0	0	0	0	0	0
384	28 Nov 19	01:20:00	1	0	1	0	MT	0	0	0	0	0	0	0	0	0	0	0	0	0	0	0	0	0	4	0	0	0	0	0	0	0	0	17	0	0	0	0	0	0	0
384	28 Nov 19	01:20:00	1	0	1	0	CT	0	0	2	0	0	0	0	0	0	0	0	0	0	0	0	0	0	18	0	0	0	0	0	0	0	0	40	0	0	0	0	0	0	0
89	28 Nov 19	01:25:00	50	0	1	0	Ct	0	0	0	0	0	0	0	0	0	0	0	0	0	0	0	0	0	0	0	0	0	0	0	0	0	0	0	0	0	0	0	0	0	0
385	28 Nov 19	01:25:00	1	0	1	0	MT	0	0	0	0	0	0	0	0	0	0	0	0	0	0	0	0	0	1	0	0	0	0	0	0	0	0	23	0	0	0	0	0	0	1
385	28 Nov 19	01:25:00	1	0	1	0	CT	0	0	0	0	0	0	0	0	0	0	0	0	0	0	0	0	0	3	0	0	0	4	0	0	0	0	41	0	0	0	0	3	0	2
90	28 Nov 19	01:30:00	50	0	1	0	Ct	0	0	0	0	0	0	0	0	0	0	0	0	0	0	0	0	0	0	0	0	0	0	0	0	0	0	0	0	0	0	0	0	0	0
386	28 Nov 19	01:30:00	1	0	1	0	MT	0	0	0	0	0	0	0	0	0	0	0	0	0	0	0	0	0	0	0	0	0	0	0	0	0	0	4	0	0	0	0	0	0	0
386	28 Nov 19	01:30:00	1	0	1	0	CT	0	0	0	0	0	13	0	0	1	0	0	0	0	0	0	0	0	0	0	0	0	0	0	24	0	0	12	0	0	0	0	0	0	0
91	28 Nov 19	01:35:00	50	0	1	0	Ct	0	0	0	0	0	0	0	0	0	0	0	0	0	0	0	0	0	0	0	0	0	0	0	0	0	0	0	0	0	0	0	0	0	0
387	28 Nov 19	01:35:00	1	0	1	0	MT	0	0	0	0	0	0	0	0	0	0	0	0	0	0	0	0	0	0	0	0	0	0	0	0	0	0	0	0	0	0	0	0	0	0
387	28 Nov 19	01:35:00	1	0	1	0	CT	0	0	0	0	0	0	0	0	0	0	0	0	0	0	0	0	0	0	0	0	0	0	0	0	0	0	0	0	0	0	0	1	0	1
92	28 Nov 19	01:40:00	50	0	1	0	Ct	0	0	0	0	0	0	0	0	0	0	0	0	0	0	0	0	0	0	0	0	0	0	0	0	0	0	0	0	0	0	0	0	0	0
388	28 Nov 19	01:40:00	1	0	1	0	MT	0	0	0	0	0	0	0	0	0	0	0	0	0	0	0	0	0	0	0	0	0	0	0	0	0	0	0	0	0	0	0	0	0	0
388	28 Nov 19	01:40:00	1	0	1	0	CT	0	0	12	0	0	0	0	0	0	0	0	0	0	0	0	0	0	0	0	0	0	0	0	0	0	0	0	0	0	0	0	0	0	0
93	28 Nov 19	01:45:00	50	0	1	0	Ct	0	0	0	0	0	0	0	0	0	0	0	0	0	0	0	0	0	0	0	0	0	0	0	0	0	0	0	0	0	0	0	0	0	0
389	28 Nov 19	01:45:00	1	0	1	0	MT	0	0	0	0	0	0	0	0	0	0	0	0	0	0	0	0	0	1	0	0	0	0	0	0	0	0	0	0	0	0	0	0	0	0
389	28 Nov 19	01:45:00	1	0	1	0	CT	0	0	5	0	0	0	0	0	0	0	0	0	0	0	0	0	0	5	0	0	0	4	0	0	0	0	0	0	0	0	0	0	0	0
94	28 Nov 19	01:50:00	50	0	1	0	Ct	0	0	0	0	0	0	0	0	0	0	0	0	0	0	0	0	0	0	0	0	0	0	0	0	0	0	0	0	0	0	0	0	0	0
390	28 Nov 19	01:50:00	1	0	1	0	MT	0	0	0	0	0	0	0	0	0	0	0	0	0	0	0	0	0	0	0	0	0	0	0	0	0	0	1	0	0	0	0	0	0	0
390	28 Nov 19	01:50:00	1	0	1	0	CT	0	0	0	0	0	0	0	0	9	0	0	0	0	0	0	0	0	3	0	0	0	0	1	0	0	0	2	0	0	0	0	0	0	2
95	28 Nov 19	01:55:00	50	0	1	0	Ct	0	0	0	0	0	0	0	0	0	0	0	0	0	0	0	0	0	0	0	0	0	0	0	0	0	0	0	0	0	0	0	0	0	0
391	28 Nov 19	01:55:00	1	0	1	0	MT	0	0	0	0	0	0	0	0	0	0	0	0	0	0	0	0	0	0	0	0	0	0	0	0	0	0	0	0	0	0	0	0	0	0
391	28 Nov 19	01:55:00	1	0	1	0	CT	0	0	0	0	0	0	0	0	0	0	0	0	0	0	0	0	0	0	0	0	0	0	0	0	0	0	1	0	0	0	0	0	0	0
96	28 Nov 19	02:00:00	50	0	1	0	Ct	0	0	0	0	0	0	0	0	0	0	0	0	0	0	0	0	0	0	0	0	0	0	0	0	0	0	0	0	0	0	0	0	0	0
392	28 Nov 19	02:00:00	1	0	1	0	MT	0	0	0	0	0	0	0	0	0	0	0	0	0	0	0	0	0	0	0	0	0	0	0	0	0	0	0	0	0	0	0	0	0	0
392	28 Nov 19	02:00:00	1	0	1	0	CT	0	0	0	0	0	0	0	0	0	2	0	0	0	0	0	0	0	0	0	0	0	0	2	0	0	0	1	0	0	0	0	0	0	0
97	28 Nov 19	02:05:00	50	0	1	0	Ct	0	0	0	0	0	0	0	0	0	0	0	0	0	0	0	0	0	0	0	0	0	0	0	0	0	0	0	0	0	0	0	0	0	0
393	28 Nov 19	02:05:00	1	0	1	0	MT	0	0	0	0	0	0	0	0	0	0	0	0	0	0	0	0	0	0	0	0	0	0	0	0	0	0	0	0	0	0	0	0	0	0
393	28 Nov 19	02:05:00	1	0	1	0	CT	0	0	0	0	0	0	0	0	0	0	0	0	0	0	0	0	0	0	2	0	0	4	0	0	0	0	0	0	0	0	0	0	0	0
98	28 Nov 19	02:10:00	50	0	1	0	Ct	0	0	0	0	0	0	0	0	0	0	0	0	0	0	0	0	0	0	0	0	0	0	0	0	0	0	0	0	0	0	0	0	0	0
394	28 Nov 19	02:10:00	1	0	1	0	MT	0	0	0	0	0	0	0	0	0	0	0	0	0	0	0	0	0	0	1	0	0	0	0	0	0	0	0	0	0	0	0	0	0	0
394	28 Nov 19	02:10:00	1	0	1	0	CT	0	0	0	0	0	0	0	0	0	0	0	0	0	0	0	0	0	0	44	0	0	0	0	0	0	0	0	0	0	0	0	0	0	0
99	28 Nov 19	02:15:00	50	0	1	0	Ct	0	0	0	0	0	0	0	0	0	0	0	0	0	0	0	0	0	0	0	0	0	0	0	0	0	0	0	0	0	0	0	0	0	0
395	28 Nov 19	02:15:00	1	0	1	0	MT	0	0	2	0	0	0	0	0	0	0	0	0	0	0	0	0	0	0	2	0	0	0	0	0	0	0	0	0	0	0	0	0	0	0
395	28 Nov 19	02:15:00	1	0	1	0	CT	0	0	12	0	0	0	0	0	0	0	0	0	0	0	0	0	0	0	23	0	0	0	0	0	0	0	0	3	0	0	0	0	0	0
100	28 Nov 19	02:20:00	50	0	1	0	Ct	0	0	0	0	0	0	0	0	0	0	0	0	0	0	0	0	0	0	0	0	0	0	0	0	0	0	0	0	0	0	0	0	0	0
396	28 Nov 19	02:20:00	1	0	1	0	MT	0	0	6	0	0	0	0	0	0	0	0	0	0	0	0	0	0	1	1	0	0	0	0	0	0	0	0	0	0	0	0	0	0	0
396	28 Nov 19	02:20:00	1	0	1	0	CT	0	0	27	0	0	0	0	0	0	0	0	0	0	0	1	0	0	2	16	0	0	0	0	0	0	0	0	2	0	0	0	0	0	0
101	28 Nov 19	02:25:00	50	0	1	0	Ct	0	0	0	0	0	0	0	0	0	0	0	0	0	0	0	0	0	0	0	0	0	0	0	0	0	0	0	0	0	0	0	0	0	0
397	28 Nov 19	02:25:00	1	0	1	0	MT	0	0	22	0	0	0	0	0	0	0	0	0	0	2	0	0	0	3	0	0	0	0	0	0	0	0	0	0	0	0	0	0	0	0
397	28 Nov 19	02:25:00	1	0	1	0	CT	0	0	41	0	0	0	4	0	0	0	0	0	0	6	0	0	0	20	1	0	0	1	1	0	0	0	0	0	0	0	0	0	0	0
102	28 Nov 19	02:30:00	50	0	1	0	Ct	0	0	0	0	0	0	0	0	0	0	0	0	0	0	0	0	0	0	0	0	0	0	0	0	0	0	0	0	0	0	0	0	0	0
398	28 Nov 19	02:30:00	1	0	1	0	MT	0	0	16	0	0	0	0	0	0	0	0	0	0	4	0	0	0	0	0	0	0	0	0	0	0	1	0	0	0	0	0	0	0	0
398	28 Nov 19	02:30:00	1	0	1	0	CT	0	0	32	0	0	0	5	0	0	0	0	0	0	46	0	0	0	0	0	0	0	0	0	0	0	7	0	0	0	0	0	0	0	1
103	28 Nov 19	02:35:00	50	0	1	0	Ct	0	0	0	0	0	0	0	0	0	0	0	0	0	0	0	0	0	0	0	0	0	0	0	0	0	0	0	0	0	0	0	0	0	0
399	28 Nov 19	02:35:00	1	0	1	0	MT	0	0	14	0	0	0	0	0	0	0	0	0	0	4	0	0	0	0	0	0	0	0	0	0	0	3	0	0	0	0	0	0	0	0
399	28 Nov 19	02:35:00	1	0	1	0	CT	0	0	23	0	0	0	7	0	0	0	0	0	0	24	0	0	0	0	0	0	0	2	1	0	0	28	0	0	0	0	0	0	0	1
104	28 Nov 19	02:40:00	50	0	1	0	Ct	0	0	0	0	0	0	0	0	0	0	0	0	0	0	0	0	0	0	0	0	0	0	0	0	0	0	0	0	0	0	0	0	0	0
400	28 Nov 19	02:40:00	1	0	1	0	MT	0	0	15	0	0	0	0	0	0	0	0	0	0	6	0	0	0	0	0	0	0	0	0	0	0	0	0	0	0	0	0	0	0	0
400	28 Nov 19	02:40:00	1	0	1	0	CT	0	0	28	0	0	0	0	0	0	8	0	0	0	30	0	0	0	1	0	0	0	2	0	0	0	0	0	0	0	4	0	0	0	0
105	28 Nov 19	02:45:00	50	0	1	0	Ct	0	0	0	0	0	0	0	0	0	0	0	0	0	0	0	0	0	0	0	0	0	0	0	0	0	0	0	0	0	0	0	0	0	0
401	28 Nov 19	02:45:00	1	0	1	0	MT	0	0	25	0	0	0	0	0	0	0	0	0	0	3	0	0	0	0	0	0	0	0	0	0	0	0	0	0	0	0	0	0	0	0
401	28 Nov 19	02:45:00	1	0	1	0	CT	0	0	46	0	0	0	0	0	0	1	0	0	0	70	0	0	0	0	0	0	0	2	0	0	0	0	1	0	0	1	0	0	0	0
106	28 Nov 19	02:50:00	50	0	1	0	Ct	0	0	0	0	0	0	0	0	0	0	0	0	0	0	0	0	0	0	0	0	0	0	0	0	0	0	0	0	0	0	0	0	0	0
402	28 Nov 19	02:50:00	1	0	1	0	MT	0	0	10	0	0	0	0	0	0	0	0	0	0	0	0	0	0	0	0	0	0	0	0	0	0	1	0	0	0	0	0	0	0	0
402	28 Nov 19	02:50:00	1	0	1	0	CT	0	0	17	0	0	0	0	0	0	0	0	0	0	12	0	0	0	0	0	0	0	0	0	0	0	32	0	0	0	29	0	0	0	0
107	28 Nov 19	02:55:00	50	0	1	0	Ct	0	0	0	0	0	0	0	0	0	0	0	0	0	0	0	0	0	0	0	0	0	0	0	0	0	0	0	0	0	0	0	0	0	0
403	28 Nov 19	02:55:00	1	0	1	0	MT	0	0	16	0	0	0	0	0	0	0	0	0	0	0	0	0	0	1	0	0	0	0	0	0	0	4	0	0	0	0	0	0	0	0
403	28 Nov 19	02:55:00	1	0	1	0	CT	0	0	26	0	0	0	0	0	0	9	0	0	0	3	0	0	0	5	0	0	0	1	1	0	0	7	0	0	3	2	0	0	0	0
108	28 Nov 19	03:00:00	50	0	1	0	Ct	0	0	0	0	0	0	0	0	0	0	0	0	0	0	0	0	0	0	0	0	0	0	0	0	0	0	0	0	0	0	0	0	0	0
404	28 Nov 19	03:00:00	1	0	1	0	MT	0	0	3	0	0	0	0	0	0	0	0	0	0	0	0	0	0	0	0	0	0	0	0	0	0	4	0	0	0	0	0	0	0	0
404	28 Nov 19	03:00:00	1	0	1	0	CT	0	0	4	0	0	0	0	0	0	3	0	0	0	3	0	0	0	2	0	0	0	1	0	0	0	25	0	0	0	0	0	0	0	0
109	28 Nov 19	03:05:00	50	0	1	0	Ct	0	0	0	0	0	0	0	0	0	0	0	0	0	0	0	0	0	0	0	0	0	0	0	0	0	0	0	0	0	0	0	0	0	0
405	28 Nov 19	03:05:00	1	0	1	0	MT	0	0	0	0	0	0	0	0	0	0	0	0	0	0	0	0	0	0	0	0	1	0	0	0	0	5	0	0	0	0	0	0	0	0
405	28 Nov 19	03:05:00	1	0	1	0	CT	0	0	35	0	0	0	0	0	0	1	0	0	0	1	0	0	0	36	0	0	3	1	0	0	0	32	1	0	0	0	0	0	0	1
110	28 Nov 19	03:10:00	50	0	1	0	Ct	0	0	0	0	0	0	0	0	0	0	0	0	0	0	0	0	0	0	0	0	0	0	0	0	0	0	0	0	0	0	0	0	0	0
406	28 Nov 19	03:10:00	1	0	1	0	MT	0	0	0	0	0	0	0	0	0	0	0	0	0	0	0	0	0	0	0	0	0	0	0	0	0	0	0	0	0	0	0	0	0	0
406	28 Nov 19	03:10:00	1	0	1	0	CT	0	0	0	0	0	0	0	0	1	18	0	0	0	0	0	0	0	21	0	0	0	1	0	0	0	0	1	0	0	0	0	0	0	0
111	28 Nov 19	03:15:00	50	0	1	0	Ct	0	0	0	0	0	0	0	0	0	0	0	0	0	0	0	0	0	0	0	0	0	0	0	0	0	0	0	0	0	0	0	0	0	0
407	28 Nov 19	03:15:00	1	0	1	0	MT	0	0	0	0	0	0	0	0	0	0	0	0	0	0	0	0	0	0	0	0	0	0	0	0	0	0	0	0	0	0	0	0	0	0
407	28 Nov 19	03:15:00	1	0	1	0	CT	0	0	0	0	0	0	0	0	5	0	0	0	0	0	0	0	0	8	0	0	0	6	0	0	0	0	1	0	0	0	0	0	0	0
112	28 Nov 19	03:20:00	50	0	1	0	Ct	0	0	0	0	0	0	0	0	0	0	0	0	0	0	0	0	0	0	0	0	0	0	0	0	0	0	0	0	0	0	0	0	0	0
408	28 Nov 19	03:20:00	1	0	1	0	MT	0	0	0	0	0	0	0	0	0	0	0	0	0	0	0	0	0	0	0	0	0	0	0	0	0	0	0	0	0	0	0	0	0	0
408	28 Nov 19	03:20:00	1	0	1	0	CT	0	0	0	0	0	0	0	0	1	0	0	0	0	0	0	0	0	5	0	0	0	0	0	0	0	0	0	0	0	0	0	0	0	0
113	28 Nov 19	03:25:00	50	0	1	0	Ct	0	0	0	0	0	0	0	0	0	0	0	0	0	0	0	0	0	0	0	0	0	0	0	0	0	0	0	0	0	0	0	0	0	0
409	28 Nov 19	03:25:00	1	0	1	0	MT	0	0	0	0	0	0	0	0	0	0	0	0	0	0	0	0	0	0	0	0	0	0	0	0	0	0	0	0	0	0	0	0	0	0
409	28 Nov 19	03:25:00	1	0	1	0	CT	0	0	0	0	0	0	0	0	2	0	0	0	0	0	0	0	0	2	0	0	0	0	0	0	0	0	0	0	5	0	0	0	0	0
114	28 Nov 19	03:30:00	50	0	1	0	Ct	0	0	0	0	0	0	0	0	0	0	0	0	0	0	0	0	0	0	0	0	0	0	0	0	0	0	0	0	0	0	0	0	0	0
410	28 Nov 19	03:30:00	1	0	1	0	MT	0	0	0	0	0	0	0	0	0	0	0	0	0	0	0	0	0	1	0	0	0	0	0	0	0	0	0	0	0	0	0	0	0	0
410	28 Nov 19	03:30:00	1	0	1	0	CT	0	0	0	0	0	0	0	0	0	0	0	0	0	3	0	0	0	6	0	0	0	0	0	0	0	0	0	0	0	0	0	0	0	0
115	28 Nov 19	03:35:00	50	0	1	0	Ct	0	0	0	0	0	0	0	0	0	0	0	0	0	0	0	0	0	0	0	0	0	0	0	0	0	0	0	0	0	0	0	0	0	0
411	28 Nov 19	03:35:00	1	0	1	0	MT	0	0	0	0	0	0	0	0	0	0	0	0	0	0	0	0	0	0	0	0	0	0	0	0	0	0	0	0	0	0	0	0	0	0
411	28 Nov 19	03:35:00	1	0	1	0	CT	0	0	0	0	0	0	0	0	0	0	0	0	0	0	0	0	0	0	0	0	0	0	0	0	0	0	1	0	0	0	0	0	0	0
116	28 Nov 19	03:40:00	50	0	1	0	Ct	0	0	0	0	0	0	0	0	0	0	0	0	0	0	0	0	0	0	0	0	0	0	0	0	0	0	0	0	0	0	0	0	0	0
412	28 Nov 19	03:40:00	1	0	1	0	MT	0	0	0	0	0	0	0	0	0	0	0	0	0	0	0	0	0	0	0	0	0	0	0	0	0	0	0	0	0	0	0	0	0	0
412	28 Nov 19	03:40:00	1	0	1	0	CT	0	0	0	0	0	0	0	0	0	0	0	0	0	0	0	0	0	1	0	0	0	0	1	0	0	0	0	0	0	0	0	0	0	5
117	28 Nov 19	03:45:00	50	0	1	0	Ct	0	0	0	0	0	0	0	0	0	0	0	0	0	0	0	0	0	0	0	0	0	0	0	0	0	0	0	0	0	0	0	0	0	0
413	28 Nov 19	03:45:00	1	0	1	0	MT	0	0	0	0	0	1	0	0	0	0	0	0	0	0	0	0	0	0	0	0	0	0	0	0	0	0	0	0	0	0	0	0	0	0
413	28 Nov 19	03:45:00	1	0	1	0	CT	0	0	0	0	0	3	0	0	0	0	0	0	0	0	0	0	0	3	0	0	0	0	1	0	0	0	0	0	0	0	0	0	0	2
118	28 Nov 19	03:50:00	50	0	1	0	Ct	0	0	0	0	0	0	0	0	0	0	0	0	0	0	0	0	0	0	0	0	0	0	0	0	0	0	0	0	0	0	0	0	0	0
414	28 Nov 19	03:50:00	1	0	1	0	MT	0	0	0	0	0	0	0	0	0	0	0	0	0	0	0	0	0	0	2	0	0	0	0	0	0	0	0	0	0	0	0	0	0	0
414	28 Nov 19	03:50:00	1	0	1	0	CT	0	0	0	0	0	1	0	0	0	0	0	0	0	0	0	0	0	0	2	0	0	0	0	0	0	0	2	0	0	0	0	0	0	8
119	28 Nov 19	03:55:00	50	0	1	0	Ct	0	0	0	0	0	0	0	0	0	0	0	0	0	0	0	0	0	0	0	0	0	0	0	0	0	0	0	0	0	0	0	0	0	0
415	28 Nov 19	03:55:00	1	0	1	0	MT	0	0	0	0	0	0	0	0	0	0	0	0	0	0	0	0	0	0	0	0	0	0	0	0	0	0	0	0	0	0	0	0	0	0
415	28 Nov 19	03:55:00	1	0	1	0	CT	0	0	0	0	0	0	0	0	0	0	0	0	0	0	0	0	0	0	0	0	0	0	0	0	0	0	1	0	0	11	0	0	0	0
120	28 Nov 19	04:00:00	50	0	1	0	Ct	0	0	0	0	0	0	0	0	0	0	0	0	0	0	0	0	0	0	0	0	0	0	0	0	0	0	0	0	0	0	0	0	0	0
416	28 Nov 19	04:00:00	1	0	1	0	MT	0	0	0	0	0	0	0	0	0	0	0	0	0	0	0	0	0	0	0	0	0	0	0	0	0	0	0	0	0	0	0	0	0	0
416	28 Nov 19	04:00:00	1	0	1	0	CT	0	0	0	0	0	0	0	0	0	0	0	0	0	0	0	0	0	0	0	0	0	0	0	0	0	0	0	0	0	4	0	0	0	0
121	28 Nov 19	04:05:00	50	0	1	0	Ct	0	0	0	0	0	0	0	0	0	0	0	0	0	0	0	0	0	0	0	0	0	0	0	0	0	0	0	0	0	0	0	0	0	0
417	28 Nov 19	04:05:00	1	0	1	0	MT	0	0	0	0	0	0	0	0	0	0	0	0	0	0	0	0	0	0	0	0	0	0	0	0	0	0	0	0	0	0	0	0	0	0
417	28 Nov 19	04:05:00	1	0	1	0	CT	0	0	0	0	0	0	0	0	0	0	0	0	0	0	0	0	0	0	0	0	0	0	0	0	0	0	3	0	0	0	0	0	0	6
122	28 Nov 19	04:10:00	50	0	1	0	Ct	0	0	0	0	0	0	0	0	0	0	0	0	0	0	0	0	0	0	0	0	0	0	0	0	0	0	0	0	0	0	0	0	0	0
418	28 Nov 19	04:10:00	1	0	1	0	MT	0	0	0	0	0	0	0	0	0	0	0	0	0	0	1	0	0	0	0	0	0	0	0	0	0	0	0	0	0	0	0	0	0	0
418	28 Nov 19	04:10:00	1	0	1	0	CT	0	0	0	0	0	0	0	0	0	0	0	0	0	0	10	0	0	0	0	17	0	0	0	0	0	0	0	0	0	0	0	0	0	0
123	28 Nov 19	04:15:00	50	0	1	0	Ct	0	0	0	0	0	0	0	0	0	0	0	0	0	0	0	0	0	0	0	0	0	0	0	0	0	0	0	0	0	0	0	0	0	0
419	28 Nov 19	04:15:00	1	0	1	0	MT	0	0	0	0	0	0	0	0	0	0	0	0	0	0	0	0	0	0	0	0	0	0	0	0	0	0	0	0	0	0	0	0	0	0
419	28 Nov 19	04:15:00	1	0	1	0	CT	0	0	0	0	0	0	0	0	0	0	0	0	0	0	33	0	0	0	10	21	0	0	0	0	0	0	0	0	0	5	0	0	0	0
124	28 Nov 19	04:20:00	50	0	1	0	Ct	0	0	0	0	0	0	0	0	0	0	0	0	0	0	0	0	0	0	0	0	0	0	0	0	0	0	0	0	0	0	0	0	0	0
420	28 Nov 19	04:20:00	1	0	1	0	MT	0	0	0	0	0	0	0	0	0	0	0	0	0	0	0	0	0	0	0	0	0	0	0	0	0	0	0	0	0	0	0	0	0	0
420	28 Nov 19	04:20:00	1	0	1	0	CT	0	0	0	0	0	0	0	0	0	0	0	0	0	0	1	0	0	0	1	1	0	0	0	0	0	0	1	0	0	38	0	0	0	0
125	28 Nov 19	04:25:00	50	0	1	0	Ct	0	0	0	0	0	0	0	0	0	0	0	0	0	0	0	0	0	0	0	0	0	0	0	0	0	0	0	0	0	0	0	0	0	0
421	28 Nov 19	04:25:00	1	0	1	0	MT	0	0	0	0	0	0	0	0	0	0	0	0	0	0	0	0	0	0	0	0	0	0	0	0	0	0	0	0	0	0	0	0	0	0
421	28 Nov 19	04:25:00	1	0	1	0	CT	0	0	0	0	0	0	0	0	0	0	0	0	0	4	0	0	0	0	0	0	0	10	1	0	0	0	0	0	0	0	0	0	0	0
126	28 Nov 19	04:30:00	50	0	1	0	Ct	0	0	0	0	0	0	0	0	0	0	0	0	0	0	0	0	0	0	0	0	0	0	0	0	0	0	0	0	0	0	0	0	0	0
422	28 Nov 19	04:30:00	1	0	1	0	MT	0	0	0	0	0	0	0	0	0	0	0	0	0	0	0	0	0	0	0	0	0	0	0	0	0	0	0	0	0	0	0	0	0	0
422	28 Nov 19	04:30:00	1	0	1	0	CT	0	0	0	0	0	0	0	0	0	0	0	0	0	1	3	0	0	0	0	0	0	0	0	0	0	0	1	0	0	0	0	0	0	0
127	28 Nov 19	04:35:00	50	0	1	0	Ct	0	0	0	0	0	0	0	0	0	0	0	0	0	0	0	0	0	0	0	0	0	0	0	0	0	0	0	0	0	0	0	0	0	0
423	28 Nov 19	04:35:00	1	0	1	0	MT	0	0	0	0	0	0	0	0	0	0	0	0	0	0	0	0	0	0	0	0	0	0	0	0	0	0	0	0	0	0	0	0	0	0
423	28 Nov 19	04:35:00	1	0	1	0	CT	0	0	0	11	0	0	0	0	0	0	0	0	0	1	0	0	0	0	0	0	0	8	5	0	0	0	0	0	0	0	0	0	0	0
128	28 Nov 19	04:40:00	50	0	1	0	Ct	0	0	0	0	0	0	0	0	0	0	0	0	0	0	0	0	0	0	0	0	0	0	0	0	0	0	0	0	0	0	0	0	0	0
424	28 Nov 19	04:40:00	1	0	1	0	MT	0	0	0	0	0	0	0	0	0	0	0	0	0	0	0	0	0	0	0	0	0	0	0	0	0	0	0	0	0	0	0	0	0	0
424	28 Nov 19	04:40:00	1	0	1	0	CT	0	0	0	26	0	0	0	0	0	0	0	0	0	0	0	0	0	0	0	0	0	0	0	0	0	0	0	0	0	0	0	0	0	0
129	28 Nov 19	04:45:00	50	0	1	0	Ct	0	0	0	0	0	0	0	0	0	0	0	0	0	0	0	0	0	0	0	0	0	0	0	0	0	0	0	0	0	0	0	0	0	0
425	28 Nov 19	04:45:00	1	0	1	0	MT	0	0	0	0	0	0	0	0	0	0	0	0	0	0	0	0	0	0	0	0	0	0	0	0	0	0	0	0	0	0	0	0	0	0
425	28 Nov 19	04:45:00	1	0	1	0	CT	0	0	0	3	0	1	0	0	0	0	0	0	0	0	0	0	0	0	0	0	0	0	1	0	0	0	0	0	0	0	0	0	0	0
130	28 Nov 19	04:50:00	50	0	1	0	Ct	0	0	0	0	0	0	0	0	0	0	0	0	0	0	0	0	0	0	0	0	0	0	0	0	0	0	0	0	0	0	0	0	0	0
426	28 Nov 19	04:50:00	1	0	1	0	MT	0	0	0	0	0	0	0	0	0	0	0	0	0	0	0	0	0	1	0	0	0	0	0	0	0	0	0	0	0	0	0	0	0	0
426	28 Nov 19	04:50:00	1	0	1	0	CT	0	0	0	0	0	5	0	0	0	0	0	0	0	0	0	0	0	1	0	0	0	0	0	0	0	0	1	0	0	0	0	0	0	0
131	28 Nov 19	04:55:00	50	0	1	0	Ct	0	0	0	0	0	0	0	0	0	0	0	0	0	0	0	0	0	0	0	0	0	0	0	0	0	0	0	0	0	0	0	0	0	0
427	28 Nov 19	04:55:00	1	0	1	0	MT	0	0	0	0	0	0	0	0	0	0	0	0	0	0	0	0	0	0	0	0	0	0	0	0	0	0	0	0	0	0	0	0	0	0
427	28 Nov 19	04:55:00	1	0	1	0	CT	0	0	0	0	0	1	0	0	0	0	0	0	0	0	1	0	0	0	0	0	0	0	0	0	0	0	1	0	0	0	0	0	0	0
132	28 Nov 19	05:00:00	50	0	1	0	Ct	0	0	0	0	0	0	0	0	0	0	0	0	0	0	0	0	0	0	0	0	0	0	0	0	0	0	0	0	0	0	0	0	0	0
428	28 Nov 19	05:00:00	1	0	1	0	MT	0	0	0	0	0	0	0	0	0	0	0	0	0	0	0	0	0	0	0	0	0	0	0	0	0	0	0	0	0	0	0	0	0	0
428	28 Nov 19	05:00:00	1	0	1	0	CT	0	0	0	0	0	0	0	0	0	0	0	0	0	1	0	0	0	0	0	0	0	0	0	0	0	0	3	0	0	0	0	0	0	0
133	28 Nov 19	05:05:00	50	0	1	0	Ct	0	0	0	0	0	0	0	0	0	0	0	0	0	0	0	0	0	0	0	0	0	0	0	0	0	0	0	0	0	0	0	0	0	0
429	28 Nov 19	05:05:00	1	0	1	0	MT	0	0	0	0	0	0	0	0	0	0	0	0	0	0	0	0	0	0	0	0	0	0	0	1	0	0	0	0	0	0	0	0	0	0
429	28 Nov 19	05:05:00	1	0	1	0	CT	0	0	0	1	0	0	0	0	0	0	0	0	0	0	0	0	0	0	0	0	0	1	0	1	0	0	3	0	0	0	0	0	0	0
134	28 Nov 19	05:10:00	50	0	1	0	Ct	0	0	0	0	0	0	0	0	0	0	0	0	0	0	0	0	0	0	0	0	0	0	0	0	0	0	0	0	0	0	0	0	0	0
430	28 Nov 19	05:10:00	1	0	1	0	MT	0	0	0	0	0	0	0	0	0	0	0	0	0	0	0	0	0	0	0	0	0	0	0	0	0	0	0	0	0	0	0	0	0	0
430	28 Nov 19	05:10:00	1	0	1	0	CT	0	0	0	0	0	0	0	0	0	0	0	0	0	4	2	0	0	0	0	0	0	0	0	0	0	0	1	0	0	0	0	0	0	0
135	28 Nov 19	05:15:00	50	0	1	0	Ct	0	0	0	0	0	0	0	0	0	0	0	0	0	0	0	0	0	0	0	0	0	0	0	0	0	0	0	0	0	0	0	0	0	0
431	28 Nov 19	05:15:00	1	0	1	0	MT	0	0	0	0	0	0	0	0	0	0	0	0	0	0	0	0	0	0	0	0	0	0	0	0	0	0	0	0	0	0	0	0	0	0
431	28 Nov 19	05:15:00	1	0	1	0	CT	0	0	0	0	0	0	0	0	0	0	0	0	0	2	0	0	0	0	0	0	0	0	0	0	0	0	2	0	0	0	0	0	0	0
136	28 Nov 19	05:20:00	50	0	1	0	Ct	0	0	0	0	0	0	0	0	0	0	0	0	0	0	0	0	0	0	0	0	0	0	0	0	0	0	0	0	0	0	0	0	0	0
432	28 Nov 19	05:20:00	1	0	1	0	MT	0	0	0	0	0	0	0	0	0	0	0	0	0	0	0	0	0	0	0	0	0	0	0	0	0	0	0	0	0	0	0	0	0	0
432	28 Nov 19	05:20:00	1	0	1	0	CT	0	0	0	1	0	0	0	0	0	0	0	0	0	0	0	0	28	0	0	0	0	1	0	0	0	0	1	0	0	0	0	0	0	4
137	28 Nov 19	05:25:00	50	0	1	0	Ct	0	0	0	0	0	0	0	0	0	0	0	0	0	0	0	0	0	0	0	0	0	0	0	0	0	0	0	0	0	0	0	0	0	0
433	28 Nov 19	05:25:00	1	0	1	0	MT	0	0	0	0	0	0	0	0	0	0	0	0	0	0	0	0	0	0	0	0	0	0	0	0	0	0	0	0	0	0	0	0	0	0
433	28 Nov 19	05:25:00	1	0	1	0	CT	0	0	0	0	0	0	0	0	0	0	0	0	0	1	0	0	4	0	0	0	0	0	3	0	0	0	1	0	0	0	0	0	0	0
138	28 Nov 19	05:30:00	50	0	1	0	Ct	0	0	0	0	0	0	0	0	0	0	0	0	0	0	0	0	0	0	0	0	0	0	0	0	0	0	0	0	0	0	0	0	0	0
434	28 Nov 19	05:30:00	1	0	1	0	MT	0	0	0	0	0	0	0	0	0	0	1	0	0	0	0	0	0	0	0	0	0	0	0	0	0	0	0	0	0	0	0	0	0	0
434	28 Nov 19	05:30:00	1	0	1	0	CT	0	0	0	0	0	0	0	0	0	0	9	0	0	2	0	0	0	0	0	1	0	0	0	0	0	0	2	0	0	0	0	0	0	0
139	28 Nov 19	05:35:00	50	0	1	0	Ct	0	0	0	0	0	0	0	0	0	0	0	0	0	0	0	0	0	0	0	0	0	0	0	0	0	0	0	0	0	0	0	0	0	0
435	28 Nov 19	05:35:00	1	0	1	0	MT	0	0	0	0	0	0	0	0	0	0	0	0	0	0	0	0	0	0	0	0	0	0	0	0	0	0	0	0	0	0	0	0	0	0
435	28 Nov 19	05:35:00	1	0	1	0	CT	0	0	0	0	0	0	0	0	0	0	3	0	0	0	0	0	0	0	0	0	0	0	0	0	0	0	0	0	0	0	0	2	0	0
140	28 Nov 19	05:40:00	50	0	1	0	Ct	0	0	0	0	0	0	0	0	0	0	0	0	0	0	0	0	0	0	0	0	0	0	0	0	0	0	0	0	0	0	0	0	0	0
436	28 Nov 19	05:40:00	1	0	1	0	MT	0	0	0	0	0	0	0	0	0	0	0	0	0	0	0	0	0	0	0	0	0	0	0	0	0	0	0	0	0	0	0	0	0	0
436	28 Nov 19	05:40:00	1	0	1	0	CT	0	0	0	0	0	0	0	0	0	0	2	0	0	1	0	0	1	0	0	0	0	0	0	0	0	0	0	0	0	0	0	0	0	0
141	28 Nov 19	05:45:00	50	0	1	0	Ct	0	0	0	0	0	0	0	0	0	0	0	0	0	0	0	0	0	0	0	0	0	0	0	0	0	0	0	0	0	0	0	0	0	0
437	28 Nov 19	05:45:00	1	0	1	0	MT	0	0	0	0	0	0	0	0	0	0	0	0	0	0	0	0	0	0	0	0	0	0	0	0	0	0	0	0	0	0	0	0	0	0
437	28 Nov 19	05:45:00	1	0	1	0	CT	0	0	0	0	0	20	0	0	0	0	2	0	0	0	0	0	0	0	0	0	0	0	0	0	0	0	1	0	0	0	0	0	0	0
142	28 Nov 19	05:50:00	50	0	1	0	Ct	0	0	0	0	0	0	0	0	0	0	0	0	0	0	0	0	0	0	0	0	0	0	0	0	0	0	0	0	0	0	0	0	0	0
438	28 Nov 19	05:50:00	1	0	1	0	MT	0	0	0	0	0	0	0	0	0	0	0	0	0	0	0	0	0	0	0	0	0	0	0	0	0	0	0	0	0	0	0	0	0	0
438	28 Nov 19	05:50:00	1	0	1	0	CT	0	0	0	0	0	15	0	0	0	0	6	0	0	1	0	0	0	0	0	0	0	0	0	0	0	0	0	0	0	0	0	0	0	0
143	28 Nov 19	05:55:00	50	0	1	0	Ct	0	0	0	0	0	0	0	0	0	0	0	0	0	0	0	0	0	0	0	0	0	0	0	0	0	0	0	0	0	0	0	0	0	0
439	28 Nov 19	05:55:00	1	0	1	0	MT	0	0	0	0	0	0	0	0	0	0	0	0	0	0	0	0	0	0	0	0	0	0	0	0	0	0	0	0	0	0	0	0	0	0
439	28 Nov 19	05:55:00	1	0	1	0	CT	0	0	0	0	0	2	0	0	0	0	8	0	0	4	0	0	0	0	0	0	0	0	0	0	0	0	0	0	0	0	0	0	0	0
144	28 Nov 19	06:00:00	50	0	1	0	Ct	0	0	0	0	0	0	0	0	0	0	0	0	0	0	0	0	0	0	0	0	0	0	0	0	0	0	0	0	0	0	0	0	0	0
440	28 Nov 19	06:00:00	1	0	1	0	MT	0	0	0	0	0	0	0	0	0	0	0	1	0	0	0	0	0	0	0	0	0	0	0	0	0	0	0	0	0	0	0	0	0	0
440	28 Nov 19	06:00:00	1	0	1	0	CT	0	0	0	0	0	0	0	0	0	0	0	15	0	0	0	0	4	0	0	0	0	0	0	0	0	0	0	0	0	0	0	0	0	0
145	28 Nov 19	06:05:00	50	0	1	0	Ct	0	0	0	0	0	0	0	0	0	0	0	0	0	0	0	0	0	0	0	0	0	0	0	0	0	0	0	0	0	0	0	0	0	0
441	28 Nov 19	06:05:00	1	0	1	0	MT	0	0	0	0	0	0	0	0	0	0	0	0	0	0	0	0	0	0	0	0	0	0	0	0	0	0	0	0	0	0	0	0	0	0
441	28 Nov 19	06:05:00	1	0	1	0	CT	0	0	0	0	0	0	0	0	0	0	0	15	0	0	0	0	0	0	0	0	0	0	0	0	0	0	3	0	0	0	0	0	0	0
146	28 Nov 19	06:10:00	50	0	1	0	Ct	0	0	0	0	0	0	0	0	0	0	0	0	0	0	0	0	0	0	0	0	0	0	0	0	0	0	0	0	0	0	0	0	0	0
442	28 Nov 19	06:10:00	1	0	1	0	MT	0	0	0	0	0	3	0	0	0	0	0	0	0	0	0	0	0	0	0	0	0	0	0	0	0	0	0	0	0	0	0	0	0	0
442	28 Nov 19	06:10:00	1	0	1	0	CT	0	0	0	0	0	9	0	0	0	0	0	15	0	1	6	0	0	0	0	0	0	0	0	1	0	0	5	0	0	0	0	0	0	0
147	28 Nov 19	06:15:00	50	0	1	0	Ct	0	0	0	0	0	0	0	0	0	0	0	0	0	0	0	0	0	0	0	0	0	0	0	0	0	0	0	0	0	0	0	0	0	0
443	28 Nov 19	06:15:00	1	0	1	0	MT	0	0	0	0	0	3	0	0	0	0	0	0	0	0	0	0	0	0	0	0	0	0	0	0	0	0	0	0	0	0	0	0	0	0
443	28 Nov 19	06:15:00	1	0	1	0	CT	0	0	0	0	0	30	0	0	0	0	0	0	0	1	0	0	0	0	0	2	0	3	0	0	0	0	4	0	6	0	0	0	0	0
148	28 Nov 19	06:20:00	50	0	1	0	Ct	0	0	0	0	0	0	0	0	0	0	0	0	0	0	0	0	0	0	0	0	0	0	0	0	0	0	0	0	0	0	0	0	0	0
444	28 Nov 19	06:20:00	1	0	1	0	MT	0	0	0	0	0	0	0	0	0	0	0	0	0	0	0	0	0	0	0	0	0	0	0	0	0	0	0	0	0	0	0	0	0	0
444	28 Nov 19	06:20:00	1	0	1	0	CT	0	0	0	0	0	5	0	0	0	0	3	0	0	0	0	0	0	0	0	0	0	0	0	0	0	0	9	0	2	0	0	0	0	0
149	28 Nov 19	06:25:00	50	0	1	0	Ct	0	0	0	0	0	0	0	0	0	0	0	0	0	0	0	0	0	0	0	0	0	0	0	0	0	0	0	0	0	0	0	0	0	0
445	28 Nov 19	06:25:00	1	0	1	0	MT	0	0	0	0	0	3	0	0	0	0	0	0	0	0	0	0	0	0	6	0	0	0	0	0	0	0	0	0	0	0	0	0	0	0
445	28 Nov 19	06:25:00	1	0	1	0	CT	0	0	0	0	0	14	0	0	0	0	7	0	0	0	0	0	0	0	33	0	0	0	0	0	0	0	0	0	1	35	0	0	0	0
150	28 Nov 19	06:30:00	50	0	1	0	Ct	0	0	0	0	0	0	0	0	0	0	0	0	0	0	0	0	0	0	0	0	0	0	0	0	0	0	0	0	0	0	0	0	0	0
446	28 Nov 19	06:30:00	1	0	1	0	MT	0	1	6	1	0	4	2	2	0	0	0	1	0	0	0	0	0	0	5	6	0	0	0	0	0	0	0	2	0	0	1	0	0	0
446	28 Nov 19	06:30:00	1	0	1	0	CT	0	1	14	3	0	15	15	15	0	0	20	5	0	1	6	0	0	0	21	42	0	4	0	0	0	0	0	8	11	4	1	14	0	0
151	28 Nov 19	06:35:00	50	0	1	0	Ct	0	0	0	0	0	0	0	0	0	0	0	0	0	0	0	0	0	0	0	0	0	0	0	0	0	0	0	0	0	0	0	0	0	0
447	28 Nov 19	06:35:00	1	0	1	0	MT	0	1	11	0	0	1	3	6	0	1	0	4	0	1	2	1	0	0	6	7	0	0	1	2	0	0	12	3	0	1	8	5	0	0
447	28 Nov 19	06:35:00	1	0	1	0	CT	0	1	23	0	2	17	36	29	0	11	14	10	0	18	8	29	0	0	34	19	43	0	35	16	0	0	33	16	13	16	31	24	0	0
152	28 Nov 19	06:40:00	50	0	1	0	Ct	0	0	0	0	0	0	0	0	0	0	0	0	0	0	0	0	0	0	0	0	0	0	0	0	0	0	0	0	0	0	0	0	0	0
448	28 Nov 19	06:40:00	1	0	1	0	MT	0	1	15	4	0	4	4	7	0	1	1	7	0	3	2	3	0	0	4	10	0	0	0	0	2	0	2	6	0	0	13	4	1	1
448	28 Nov 19	06:40:00	1	0	1	0	CT	0	1	34	5	4	17	17	23	7	6	6	27	0	10	49	29	36	12	16	39	23	14	13	14	16	0	19	18	0	63	39	41	10	11
153	28 Nov 19	06:45:00	50	0	1	0	Ct	0	0	0	0	0	0	0	0	0	0	0	0	0	0	0	0	0	0	0	0	0	0	0	0	0	0	0	0	0	0	0	0	0	0
449	28 Nov 19	06:45:00	1	0	1	0	MT	0	1	13	5	0	3	3	10	2	0	2	5	0	0	2	1	0	0	11	14	3	0	2	4	0	0	6	7	2	2	6	3	0	8
449	28 Nov 19	06:45:00	1	0	1	0	CT	0	1	24	22	7	18	32	45	20	8	21	34	0	0	27	63	17	1	46	28	21	24	22	20	7	0	18	25	4	56	23	70	3	32
154	28 Nov 19	06:50:00	50	0	1	0	Ct	0	0	0	0	0	0	0	0	0	0	0	0	0	0	0	0	0	0	0	0	0	0	0	0	0	0	0	0	0	0	0	0	0	0
450	28 Nov 19	06:50:00	1	0	1	0	MT	0	1	10	8	1	4	1	6	1	1	1	6	0	3	8	3	0	2	5	13	4	1	2	6	4	0	10	9	3	0	12	3	1	12
450	28 Nov 19	06:50:00	1	0	1	0	CT	0	1	16	21	30	20	11	23	6	33	2	34	0	12	32	27	3	32	18	21	16	19	31	26	41	13	84	38	8	10	43	19	30	40
155	28 Nov 19	06:55:00	50	0	1	0	Ct	0	0	0	0	0	0	0	0	0	0	0	0	0	0	0	0	0	0	0	0	0	0	0	0	0	0	0	0	0	0	0	0	0	0
451	28 Nov 19	06:55:00	1	0	1	0	MT	0	1	12	9	1	3	2	7	1	2	1	8	0	3	6	4	0	0	4	15	2	2	0	6	3	0	9	10	0	0	10	2	4	5
451	28 Nov 19	06:55:00	1	0	1	0	CT	0	1	36	20	6	14	15	34	5	5	9	22	0	45	22	42	0	0	14	25	22	25	2	16	36	17	36	21	0	7	28	32	16	35
156	28 Nov 19	07:00:00	50	0	1	0	Ct	0	0	0	0	0	0	0	0	0	0	0	0	0	0	0	0	0	0	0	0	0	0	0	0	0	0	0	0	0	0	0	0	0	0
452	28 Nov 19	07:00:00	1	0	1	0	MT	0	1	15	6	0	4	3	6	0	0	2	7	0	2	6	0	0	0	9	11	6	2	6	8	1	4	14	8	0	1	11	2	2	8
452	28 Nov 19	07:00:00	1	0	1	0	CT	0	1	26	9	0	15	13	23	7	0	13	14	0	46	32	12	1	0	24	44	20	11	23	32	26	31	36	27	0	4	31	29	20	35
157	28 Nov 19	07:05:00	50	0	1	0	Ct	0	0	0	0	0	0	0	0	0	0	0	0	0	0	0	0	0	0	0	0	0	0	0	0	0	0	0	0	0	0	0	0	0	0
453	28 Nov 19	07:05:00	1	0	1	0	MT	0	1	14	2	1	3	3	4	5	0	8	3	0	4	6	1	0	1	5	8	6	0	6	9	0	1	11	12	0	3	15	8	2	9
453	28 Nov 19	07:05:00	1	0	1	0	CT	0	1	31	16	30	25	24	23	19	1	28	10	0	25	25	10	11	20	17	13	19	0	27	38	0	3	36	63	0	11	38	31	13	30
158	28 Nov 19	07:10:00	50	0	1	0	Ct	0	0	0	0	0	0	0	0	0	0	0	0	0	0	0	0	0	0	0	0	0	0	0	0	0	0	0	0	0	0	0	0	0	0
454	28 Nov 19	07:10:00	1	0	1	0	MT	0	1	19	2	1	3	2	5	2	0	11	10	0	2	5	2	2	2	13	16	8	0	12	11	0	0	10	8	0	3	7	7	0	5
454	28 Nov 19	07:10:00	1	0	1	0	CT	0	1	33	31	52	15	19	13	11	2	40	27	0	28	29	25	27	6	39	28	29	3	24	30	24	3	33	16	0	16	40	23	7	54
159	28 Nov 19	07:15:00	50	0	1	0	Ct	0	0	0	0	0	0	0	0	0	0	0	0	0	0	0	0	0	0	0	0	0	0	0	0	0	0	0	0	0	0	0	0	0	0
455	28 Nov 19	07:15:00	1	0	1	0	MT	0	1	15	8	0	3	4	9	3	0	15	15	0	4	3	2	0	1	6	12	9	0	8	11	2	0	5	10	0	3	8	6	2	1
455	28 Nov 19	07:15:00	1	0	1	0	CT	0	1	18	35	0	22	14	23	14	3	36	33	0	23	18	26	0	10	12	23	24	4	21	25	21	0	22	18	0	13	21	18	18	6
160	28 Nov 19	07:20:00	50	0	1	0	Ct	0	0	0	0	0	0	0	0	0	0	0	0	0	0	0	0	0	0	0	0	0	0	0	0	0	0	0	0	0	0	0	0	0	0
456	28 Nov 19	07:20:00	1	0	1	0	MT	0	1	18	2	1	3	2	6	3	0	17	12	0	6	6	1	0	1	11	4	7	0	7	12	5	0	8	7	0	2	11	7	3	0
456	28 Nov 19	07:20:00	1	0	1	0	CT	0	1	34	18	24	15	23	21	32	0	39	34	0	27	22	6	5	23	40	35	22	0	16	24	25	0	28	30	12	13	31	23	31	0
161	28 Nov 19	07:25:00	50	0	1	0	Ct	0	0	0	0	0	0	0	0	0	0	0	0	0	0	0	0	0	0	0	0	0	0	0	0	0	0	0	0	0	0	0	0	0	0
457	28 Nov 19	07:25:00	1	0	1	0	MT	0	1	10	6	2	6	5	10	3	0	12	7	0	5	6	0	0	2	11	6	9	0	7	9	6	0	13	10	9	3	10	3	7	0
457	28 Nov 19	07:25:00	1	0	1	0	CT	0	1	35	23	13	48	32	25	57	0	23	16	0	19	45	3	9	29	66	29	27	0	19	20	43	0	33	26	34	12	31	27	28	0
162	28 Nov 19	07:30:00	50	0	1	0	Ct	0	0	0	0	0	0	0	0	0	0	0	0	0	0	0	0	0	0	0	0	0	0	0	0	0	0	0	0	0	0	0	0	0	0
458	28 Nov 19	07:30:00	1	0	1	0	MT	0	1	18	3	2	5	3	12	2	0	24	15	0	5	8	4	6	4	6	15	8	0	10	8	5	0	10	13	4	1	12	13	10	0
458	28 Nov 19	07:30:00	1	0	1	0	CT	0	1	27	32	33	33	26	36	6	0	48	35	0	24	23	14	15	75	30	43	22	0	32	32	25	0	37	25	50	15	28	36	27	0
163	28 Nov 19	07:35:00	50	0	1	0	Ct	0	0	0	0	0	0	0	0	0	0	0	0	0	0	0	0	0	0	0	0	0	0	0	0	0	0	0	0	0	0	0	0	0	0
459	28 Nov 19	07:35:00	1	0	1	0	MT	0	1	14	6	1	1	1	16	8	0	27	13	0	7	6	3	6	1	10	16	6	0	5	7	3	0	8	10	5	4	10	4	4	0
459	28 Nov 19	07:35:00	1	0	1	0	CT	0	1	62	21	22	27	13	32	27	0	55	32	0	71	65	9	20	7	36	27	10	0	19	41	20	0	16	24	27	15	27	17	25	0
164	28 Nov 19	07:40:00	50	0	1	0	Ct	0	0	0	0	0	0	0	0	0	0	0	0	0	0	0	0	0	0	0	0	0	0	0	0	0	0	0	0	0	0	0	0	0	0
460	28 Nov 19	07:40:00	1	0	1	0	MT	0	1	18	6	0	6	2	9	4	0	24	16	0	6	9	7	8	4	10	13	4	0	9	12	4	0	8	11	2	3	12	9	6	0
460	28 Nov 19	07:40:00	1	0	1	0	CT	0	1	32	24	8	25	13	57	12	0	54	21	0	21	29	26	17	56	29	36	15	0	52	29	37	0	14	55	24	14	27	48	23	0
165	28 Nov 19	07:45:00	50	0	1	0	Ct	0	0	0	0	0	0	0	0	0	0	0	0	0	0	0	0	0	0	0	0	0	0	0	0	0	0	0	0	0	0	0	0	0	0
461	28 Nov 19	07:45:00	1	0	1	0	MT	0	1	15	3	0	3	4	21	2	6	30	15	0	8	6	0	1	4	7	15	8	0	12	12	4	0	6	9	3	1	12	8	1	0
461	28 Nov 19	07:45:00	1	0	1	0	CT	0	1	36	22	28	19	24	39	31	42	50	35	0	39	23	4	4	23	29	33	30	0	18	23	23	0	18	19	19	18	45	23	18	0
166	28 Nov 19	07:50:00	50	0	1	0	Ct	0	0	0	0	0	0	0	0	0	0	0	0	0	0	0	0	0	0	0	0	0	0	0	0	0	0	0	0	0	0	0	0	0	0
462	28 Nov 19	07:50:00	1	0	1	0	MT	0	1	15	4	0	7	4	14	8	4	19	12	0	9	9	2	2	3	9	19	7	0	9	11	3	0	6	9	9	3	10	15	1	0
462	28 Nov 19	07:50:00	1	0	1	0	CT	0	1	28	9	0	18	38	24	15	15	67	20	0	19	44	7	10	27	25	40	48	8	18	24	31	0	27	32	47	21	27	39	6	0
167	28 Nov 19	07:55:00	50	0	1	0	Ct	0	0	0	0	0	0	0	0	0	0	0	0	0	0	0	0	0	0	0	0	0	0	0	0	0	0	0	0	0	0	0	0	0	0
463	28 Nov 19	07:55:00	1	0	1	0	MT	0	1	18	2	1	5	4	8	10	9	15	13	0	6	7	0	6	3	9	13	7	1	10	6	7	0	3	12	4	3	14	10	0	0
463	28 Nov 19	07:55:00	1	0	1	0	CT	0	1	37	16	13	39	37	17	26	37	69	29	0	24	30	5	22	26	22	24	24	23	17	16	51	0	10	21	18	19	27	34	1	1
168	28 Nov 19	08:00:00	50	0	1	0	Ct	0	0	0	0	0	0	0	0	0	0	0	0	0	0	0	0	0	0	0	0	0	0	0	0	0	0	0	0	0	0	0	0	0	0
464	28 Nov 19	08:00:00	1	0	1	0	MT	0	1	12	3	2	10	1	18	11	6	14	19	0	9	4	3	3	4	7	0	8	3	11	8	4	0	5	10	11	3	16	8	0	11
464	28 Nov 19	08:00:00	1	0	1	0	CT	0	1	28	18	10	28	18	37	22	29	27	34	0	34	32	10	19	26	47	10	27	14	19	23	20	0	23	21	39	19	34	24	0	32
169	28 Nov 19	08:05:00	50	0	1	0	Ct	0	0	0	0	0	0	0	0	0	0	0	0	0	0	0	0	0	0	0	0	0	0	0	0	0	0	0	0	0	0	0	0	0	0
465	28 Nov 19	08:05:00	1	0	1	0	MT	0	1	17	7	1	9	1	18	0	7	0	18	0	6	13	0	6	3	5	0	9	2	12	6	6	0	10	11	12	5	12	11	1	15
465	28 Nov 19	08:05:00	1	0	1	0	CT	0	1	25	18	22	36	14	36	1	36	6	32	0	42	30	4	15	34	28	0	21	11	28	18	38	0	36	22	38	17	27	31	17	49
170	28 Nov 19	08:10:00	50	0	1	0	Ct	0	0	0	0	0	0	0	0	0	0	0	0	0	0	0	0	0	0	0	0	0	0	0	0	0	0	0	0	0	0	0	0	0	0
466	28 Nov 19	08:10:00	1	0	1	0	MT	0	1	15	2	2	6	5	15	1	8	0	11	0	11	10	0	0	2	4	0	20	2	10	6	3	0	9	14	12	4	10	2	1	7
466	28 Nov 19	08:10:00	1	0	1	0	CT	0	1	26	12	48	19	61	35	5	17	6	23	0	44	27	0	1	38	18	0	44	10	19	11	17	6	21	33	32	17	45	53	19	19
171	28 Nov 19	08:15:00	50	0	1	0	Ct	0	0	0	0	0	0	0	0	0	0	0	0	0	0	0	0	0	0	0	0	0	0	0	0	0	0	0	0	0	0	0	0	0	0
467	28 Nov 19	08:15:00	1	0	1	0	MT	0	1	11	2	1	7	3	25	4	11	0	24	0	2	8	0	2	1	6	0	14	3	12	12	3	7	7	12	12	4	12	4	7	13
467	28 Nov 19	08:15:00	1	0	1	0	CT	0	1	18	5	9	31	22	39	8	28	0	51	0	12	23	14	5	44	25	0	31	15	31	21	23	26	33	30	42	7	23	26	24	58
172	28 Nov 19	08:20:00	50	0	1	0	Ct	0	0	0	0	0	0	0	0	0	0	0	0	0	0	0	0	0	0	0	0	0	0	0	0	0	0	0	0	0	0	0	0	0	0
468	28 Nov 19	08:20:00	1	0	1	0	MT	0	1	21	0	2	7	12	21	5	5	0	16	0	10	13	0	1	5	7	2	9	4	12	19	3	7	12	9	9	3	18	0	3	12
468	28 Nov 19	08:20:00	1	0	1	0	CT	0	1	38	0	13	20	41	35	12	22	0	22	0	28	38	6	4	21	25	4	40	19	29	41	15	25	44	19	27	8	42	0	17	49
173	28 Nov 19	08:25:00	50	0	1	0	Ct	0	0	0	0	0	0	0	0	0	0	0	0	0	0	0	0	0	0	0	0	0	0	0	0	0	0	0	0	0	0	0	0	0	0
469	28 Nov 19	08:25:00	1	0	1	0	MT	0	1	10	0	0	6	5	25	3	6	10	29	0	9	3	0	3	8	9	1	9	5	12	13	2	4	12	14	10	3	21	0	0	9
469	28 Nov 19	08:25:00	1	0	1	0	CT	0	1	19	0	0	23	38	33	16	16	32	50	0	41	12	1	15	47	26	3	26	14	24	45	13	29	45	25	29	12	42	0	0	49
174	28 Nov 19	08:30:00	50	0	1	0	Ct	0	0	0	0	0	0	0	0	0	0	0	0	0	0	0	0	0	0	0	0	0	0	0	0	0	0	0	0	0	0	0	0	0	0
470	28 Nov 19	08:30:00	1	0	1	0	MT	0	1	15	2	2	6	7	21	3	5	14	21	0	12	10	0	3	5	11	5	12	4	12	17	10	4	6	7	8	6	17	0	0	11
470	28 Nov 19	08:30:00	1	0	1	0	CT	0	1	36	9	40	45	43	32	8	14	47	42	0	44	29	13	13	41	24	15	28	30	23	34	75	32	23	20	32	15	38	0	0	32
175	28 Nov 19	08:35:00	50	0	1	0	Ct	0	0	0	0	0	0	0	0	0	0	0	0	0	0	0	0	0	0	0	0	0	0	0	0	0	0	0	0	0	0	0	0	0	0
471	28 Nov 19	08:35:00	1	0	1	0	MT	0	1	20	3	1	10	5	19	5	7	13	30	0	2	3	0	8	7	3	5	2	4	9	10	9	3	7	11	8	1	16	0	0	11
471	28 Nov 19	08:35:00	1	0	1	0	CT	0	1	27	16	10	39	25	32	13	23	36	54	0	24	9	15	24	33	6	9	24	36	20	23	36	13	71	19	18	9	25	0	0	44
176	28 Nov 19	08:40:00	50	0	1	0	Ct	0	0	0	0	0	0	0	0	0	0	0	0	0	0	0	0	0	0	0	0	0	0	0	0	0	0	0	0	0	0	0	0	0	0
472	28 Nov 19	08:40:00	1	0	1	0	MT	0	1	25	5	3	12	9	2	7	2	29	26	0	8	15	0	4	7	1	9	4	2	11	11	4	0	10	3	21	8	9	0	0	0
472	28 Nov 19	08:40:00	1	0	1	0	CT	0	1	43	18	33	30	48	66	17	5	50	53	0	20	34	0	15	23	33	33	33	11	26	34	59	0	22	9	41	21	20	0	0	1
177	28 Nov 19	08:45:00	50	0	1	0	Ct	0	0	0	0	0	0	0	0	0	0	0	0	0	0	0	0	0	0	0	0	0	0	0	0	0	0	0	0	0	0	0	0	0	0
473	28 Nov 19	08:45:00	1	0	1	0	MT	0	1	30	0	0	8	9	26	4	1	16	22	0	10	10	0	6	4	7	5	12	7	12	13	8	0	7	6	9	7	18	0	0	9
473	28 Nov 19	08:45:00	1	0	1	0	CT	0	1	44	0	6	17	34	48	11	11	33	41	0	71	55	0	18	46	18	55	37	22	33	25	37	0	17	11	32	20	31	0	0	31
178	28 Nov 19	08:50:00	50	0	1	0	Ct	0	0	0	0	0	0	0	0	0	0	0	0	0	0	0	0	0	0	0	0	0	0	0	0	0	0	0	0	0	0	0	0	0	0
474	28 Nov 19	08:50:00	1	0	1	0	MT	0	1	27	4	3	13	6	16	8	0	20	12	0	12	9	0	3	8	5	6	9	0	21	14	5	3	3	8	14	5	15	0	1	14
474	28 Nov 19	08:50:00	1	0	1	0	CT	0	1	44	17	20	36	34	32	14	0	51	18	0	39	23	0	8	28	21	16	30	20	36	25	34	22	10	36	34	14	31	0	3	60
179	28 Nov 19	08:55:00	50	0	1	0	Ct	0	0	0	0	0	0	0	0	0	0	0	0	0	0	0	0	0	0	0	0	0	0	0	0	0	0	0	0	0	0	0	0	0	0
475	28 Nov 19	08:55:00	1	0	1	0	MT	0	1	17	6	1	10	6	26	12	2	18	29	0	9	12	0	6	5	3	3	9	0	15	15	3	4	2	8	12	6	19	1	0	12
475	28 Nov 19	08:55:00	1	0	1	0	CT	0	1	25	21	27	39	37	51	20	9	74	49	0	31	33	0	14	19	10	22	31	0	29	32	30	18	7	18	49	12	42	1	1	31
180	28 Nov 19	09:00:00	50	0	1	0	Ct	0	0	0	0	0	0	0	0	0	0	0	0	0	0	0	0	0	0	0	0	0	0	0	0	0	0	0	0	0	0	0	0	0	0
476	28 Nov 19	09:00:00	1	0	1	0	MT	0	1	14	8	2	5	5	18	9	8	18	13	0	9	7	0	5	9	2	11	2	0	10	11	11	6	7	4	18	8	14	1	0	15
476	28 Nov 19	09:00:00	1	0	1	0	CT	0	1	22	21	6	22	41	38	23	15	32	17	0	25	32	0	20	57	16	29	40	0	22	28	56	14	19	11	45	19	39	5	20	40
181	28 Nov 19	09:05:00	50	0	1	0	Ct	0	0	0	0	0	0	0	0	0	0	0	0	0	0	0	0	0	0	0	0	0	0	0	0	0	0	0	0	0	0	0	0	0	0
477	28 Nov 19	09:05:00	1	0	1	0	MT	0	1	15	4	1	13	6	24	17	10	22	18	0	4	8	0	3	6	7	6	14	0	11	13	7	4	1	9	8	3	16	0	0	19
477	28 Nov 19	09:05:00	1	0	1	0	CT	0	1	21	25	14	38	19	46	31	15	40	40	0	46	25	0	11	22	19	19	35	0	23	27	34	28	7	17	24	6	36	5	4	68
182	28 Nov 19	09:10:00	50	0	1	0	Ct	0	0	0	0	0	0	0	0	0	0	0	0	0	0	0	0	0	0	0	0	0	0	0	0	0	0	0	0	0	0	0	0	0	0
478	28 Nov 19	09:10:00	1	0	1	0	MT	0	1	15	4	2	5	0	22	12	8	6	18	0	14	11	0	3	6	2	8	8	0	6	13	9	4	10	9	12	6	21	0	0	7
478	28 Nov 19	09:10:00	1	0	1	0	CT	0	1	33	16	15	13	6	39	17	25	20	49	0	33	35	0	28	50	17	16	21	0	29	44	25	22	35	13	29	18	45	12	26	22
183	28 Nov 19	09:15:00	50	0	1	0	Ct	0	0	0	0	0	0	0	0	0	0	0	0	0	0	0	0	0	0	0	0	0	0	0	0	0	0	0	0	0	0	0	0	0	0
479	28 Nov 19	09:15:00	1	0	1	0	MT	0	1	14	0	0	9	3	24	10	7	2	18	0	10	9	0	3	6	6	6	12	0	11	0	12	3	11	2	15	5	18	1	6	0
479	28 Nov 19	09:15:00	1	0	1	0	CT	0	1	36	13	2	22	15	45	22	17	7	39	0	19	32	0	9	42	21	12	25	0	24	0	25	17	31	44	43	15	39	18	13	0
184	28 Nov 19	09:20:00	50	0	1	0	Ct	0	0	0	0	0	0	0	0	0	0	0	0	0	0	0	0	0	0	0	0	0	0	0	0	0	0	0	0	0	0	0	0	0	0
480	28 Nov 19	09:20:00	1	0	1	0	MT	0	1	20	0	1	9	1	20	6	9	0	14	0	8	5	0	5	5	6	8	11	0	11	0	12	0	10	0	18	4	6	0	1	0
480	28 Nov 19	09:20:00	1	0	1	0	CT	0	1	34	0	17	33	10	39	12	15	0	26	0	37	20	0	44	28	20	28	27	0	20	0	32	0	29	38	34	39	28	0	8	0
185	28 Nov 19	09:25:00	50	0	1	0	Ct	0	0	0	0	0	0	0	0	0	0	0	0	0	0	0	0	0	0	0	0	0	0	0	0	0	0	0	0	0	0	0	0	0	0
481	28 Nov 19	09:25:00	1	0	1	0	MT	0	1	13	3	2	5	5	19	8	6	0	8	0	8	5	0	4	7	2	4	19	0	10	0	6	0	9	8	6	5	16	0	0	0
481	28 Nov 19	09:25:00	1	0	1	0	CT	0	1	24	9	6	26	14	32	23	14	0	15	0	39	26	0	8	55	3	17	33	0	16	0	51	0	27	14	28	14	33	0	0	0
186	28 Nov 19	09:30:00	50	0	1	0	Ct	0	0	0	0	0	0	0	0	0	0	0	0	0	0	0	0	0	0	0	0	0	0	0	0	0	0	0	0	0	0	0	0	0	0
482	28 Nov 19	09:30:00	1	0	1	0	MT	0	1	2	3	0	7	0	14	5	1	0	8	0	8	7	0	0	4	4	2	10	0	9	0	5	0	8	4	12	6	15	1	8	0
482	28 Nov 19	09:30:00	1	0	1	0	CT	0	1	13	12	9	36	18	27	16	12	0	18	0	25	19	0	0	18	29	3	16	0	24	0	25	0	30	8	27	15	27	2	29	0
187	28 Nov 19	09:35:00	50	0	1	0	Ct	0	0	0	0	0	0	0	0	0	0	0	0	0	0	0	0	0	0	0	0	0	0	0	0	0	0	0	0	0	0	0	0	0	0
483	28 Nov 19	09:35:00	1	0	1	0	MT	0	1	4	0	3	8	1	16	8	3	0	12	0	14	6	0	0	1	4	2	12	3	4	0	10	0	6	13	10	8	0	0	11	0
483	28 Nov 19	09:35:00	1	0	1	0	CT	0	1	25	3	20	26	4	47	15	17	0	25	0	40	26	0	0	42	18	6	29	13	36	0	32	0	32	20	27	31	1	0	75	0
188	28 Nov 19	09:40:00	50	0	1	0	Ct	0	0	0	0	0	0	0	0	0	0	0	0	0	0	0	0	0	0	0	0	0	0	0	0	0	0	0	0	0	0	0	0	0	0
484	28 Nov 19	09:40:00	1	0	1	0	MT	0	1	15	2	2	14	4	2	12	7	0	4	0	10	9	0	0	6	4	4	4	7	4	0	7	0	13	10	18	5	5	0	17	0
484	28 Nov 19	09:40:00	1	0	1	0	CT	0	1	39	16	8	39	19	32	25	30	0	12	0	40	20	0	0	39	14	9	14	28	69	0	29	0	27	23	40	12	20	14	48	0
189	28 Nov 19	09:45:00	50	0	1	0	Ct	0	0	0	0	0	0	0	0	0	0	0	0	0	0	0	0	0	0	0	0	0	0	0	0	0	0	0	0	0	0	0	0	0	0
485	28 Nov 19	09:45:00	1	0	1	0	MT	0	1	11	0	1	8	6	9	6	11	0	10	0	8	9	0	0	6	6	4	12	6	17	0	5	0	1	7	12	3	15	0	9	0
485	28 Nov 19	09:45:00	1	0	1	0	CT	0	1	18	2	21	17	18	27	11	23	0	30	0	29	28	0	0	37	15	15	27	23	28	0	21	0	2	14	42	19	44	0	36	0
190	28 Nov 19	09:50:00	50	0	1	0	Ct	0	0	0	0	0	0	0	0	0	0	0	0	0	0	0	0	0	0	0	0	0	0	0	0	0	0	0	0	0	0	0	0	0	0
486	28 Nov 19	09:50:00	1	0	1	0	MT	0	1	6	0	3	9	0	23	6	3	0	9	0	9	7	0	0	6	0	0	14	6	13	3	3	0	0	8	18	5	17	0	0	2
486	28 Nov 19	09:50:00	1	0	1	0	CT	0	1	13	0	41	24	7	46	11	18	0	27	0	32	26	0	0	28	0	3	27	17	18	6	52	0	0	21	35	10	56	0	0	12
191	28 Nov 19	09:55:00	50	0	1	0	Ct	0	0	0	0	0	0	0	0	0	0	0	0	0	0	0	0	0	0	0	0	0	0	0	0	0	0	0	0	0	0	0	0	0	0
487	28 Nov 19	09:55:00	1	0	1	0	MT	0	1	12	0	0	3	1	18	13	0	0	13	0	8	14	0	0	6	0	0	15	6	9	8	8	0	0	12	16	4	19	0	0	7
487	28 Nov 19	09:55:00	1	0	1	0	CT	0	1	19	0	11	19	2	36	36	2	0	27	0	29	38	0	5	28	3	0	29	29	15	25	37	0	0	25	36	12	30	0	3	33
192	28 Nov 19	10:00:00	50	0	1	0	Ct	0	0	0	0	0	0	0	0	0	0	0	0	0	0	0	0	0	0	0	0	0	0	0	0	0	0	0	0	0	0	0	0	0	0
488	28 Nov 19	10:00:00	1	0	1	0	MT	0	1	12	0	0	8	0	21	10	0	0	0	0	9	2	0	0	8	0	0	10	6	0	9	6	0	0	9	12	4	17	0	1	11
488	28 Nov 19	10:00:00	1	0	1	0	CT	0	1	40	0	13	20	0	57	17	0	0	0	0	41	11	0	0	43	6	0	27	35	4	30	15	0	0	19	29	28	29	0	2	55
193	28 Nov 19	10:05:00	50	0	1	0	Ct	0	0	0	0	0	0	0	0	0	0	0	0	0	0	0	0	0	0	0	0	0	0	0	0	0	0	0	0	0	0	0	0	0	0
489	28 Nov 19	10:05:00	1	0	1	0	MT	0	1	20	0	1	11	0	16	10	0	0	4	0	9	10	0	0	4	0	1	8	6	0	6	6	0	0	0	14	3	14	0	0	5
489	28 Nov 19	10:05:00	1	0	1	0	CT	0	1	34	0	8	30	1	28	22	0	0	7	0	49	49	0	0	27	4	5	25	26	1	27	32	0	0	0	38	10	29	0	0	23
194	28 Nov 19	10:10:00	50	0	1	0	Ct	0	0	0	0	0	0	0	0	0	0	0	0	0	0	0	0	0	0	0	0	0	0	0	0	0	0	0	0	0	0	0	0	0	0
490	28 Nov 19	10:10:00	1	0	1	0	MT	0	1	17	0	3	11	0	2	12	0	1	9	0	11	15	0	0	4	2	3	9	7	0	0	2	0	0	0	12	4	3	0	1	0
490	28 Nov 19	10:10:00	1	0	1	0	CT	0	1	29	0	29	29	0	20	24	0	4	15	0	32	35	0	0	63	13	6	16	26	0	0	23	0	18	3	30	13	4	0	4	4
195	28 Nov 19	10:15:00	50	0	1	0	Ct	0	0	0	0	0	0	0	0	0	0	0	0	0	0	0	0	0	0	0	0	0	0	0	0	0	0	0	0	0	0	0	0	0	0
491	28 Nov 19	10:15:00	1	0	1	0	MT	0	1	7	0	0	6	0	0	12	0	0	5	0	9	12	0	0	6	0	0	12	6	2	0	7	0	6	13	14	5	0	0	2	0
491	28 Nov 19	10:15:00	1	0	1	0	CT	0	1	11	1	0	50	0	0	20	0	6	13	0	35	33	0	0	33	0	0	26	32	5	0	32	0	28	22	37	19	0	0	9	0
196	28 Nov 19	10:20:00	50	0	1	0	Ct	0	0	0	0	0	0	0	0	0	0	0	0	0	0	0	0	0	0	0	0	0	0	0	0	0	0	0	0	0	0	0	0	0	0
492	28 Nov 19	10:20:00	1	0	1	0	MT	0	1	1	0	3	9	0	0	13	0	0	2	0	7	8	0	0	5	0	0	10	7	1	0	7	0	4	10	20	0	0	0	0	0
492	28 Nov 19	10:20:00	1	0	1	0	CT	0	1	4	9	26	27	0	3	22	0	1	5	0	22	25	0	0	35	2	3	39	40	2	0	18	0	21	19	34	0	0	0	0	1
197	28 Nov 19	10:25:00	50	0	1	0	Ct	0	0	0	0	0	0	0	0	0	0	0	0	0	0	0	0	0	0	0	0	0	0	0	0	0	0	0	0	0	0	0	0	0	0
493	28 Nov 19	10:25:00	1	0	1	0	MT	0	1	11	0	3	12	1	0	13	4	0	5	0	7	3	0	0	5	2	0	11	4	3	0	7	3	11	9	14	0	0	0	0	0
493	28 Nov 19	10:25:00	1	0	1	0	CT	0	1	22	1	30	23	1	0	37	14	0	16	0	28	32	0	0	20	12	0	30	22	4	0	21	17	38	18	35	0	6	0	0	0
198	28 Nov 19	10:30:00	50	0	1	0	Ct	0	0	0	0	0	0	0	0	0	0	0	0	0	0	0	0	0	0	0	0	0	0	0	0	0	0	0	0	0	0	0	0	0	0
494	28 Nov 19	10:30:00	1	0	1	0	MT	0	1	17	0	0	12	4	0	13	13	0	6	0	10	2	0	0	4	2	0	7	4	3	0	5	3	1	5	6	0	0	0	0	10
494	28 Nov 19	10:30:00	1	0	1	0	CT	0	1	29	0	29	26	23	0	26	38	0	20	0	27	13	0	0	11	7	4	14	43	8	0	45	23	52	8	26	0	1	0	0	47
199	28 Nov 19	10:35:00	50	0	1	0	Ct	0	0	0	0	0	0	0	0	0	0	0	0	0	0	0	0	0	0	0	0	0	0	0	0	0	0	0	0	0	0	0	0	0	0
495	28 Nov 19	10:35:00	1	0	1	0	MT	0	1	2	0	2	10	8	0	18	13	0	7	0	8	0	0	0	10	2	0	10	7	2	0	5	1	0	1	14	0	0	0	0	7
495	28 Nov 19	10:35:00	1	0	1	0	CT	0	1	2	0	26	28	55	0	28	34	0	15	0	37	0	0	0	32	11	0	22	36	4	0	35	33	0	1	38	2	0	4	0	36
200	28 Nov 19	10:40:00	50	0	1	0	Ct	0	0	0	0	0	0	0	0	0	0	0	0	0	0	0	0	0	0	0	0	0	0	0	0	0	0	0	0	0	0	0	0	0	0
496	28 Nov 19	10:40:00	1	0	1	0	MT	0	1	0	0	1	10	7	0	11	9	0	4	0	6	0	0	0	5	4	4	13	6	1	0	8	6	4	0	13	0	0	0	2	6
496	28 Nov 19	10:40:00	1	0	1	0	CT	0	1	0	20	12	27	36	2	27	18	0	12	0	27	0	0	0	52	10	14	29	28	7	0	26	39	58	0	46	0	3	0	6	45
201	28 Nov 19	10:45:00	50	0	1	0	Ct	0	0	0	0	0	0	0	0	0	0	0	0	0	0	0	0	0	0	0	0	0	0	0	0	0	0	0	0	0	0	0	0	0	0
497	28 Nov 19	10:45:00	1	0	1	0	MT	0	1	0	0	1	10	7	16	14	13	0	0	0	5	0	0	0	8	0	0	10	4	0	0	10	4	15	0	8	2	0	0	0	9
497	28 Nov 19	10:45:00	1	0	1	0	CT	0	1	0	9	10	28	28	39	66	29	0	2	0	16	0	0	0	38	3	2	23	19	3	0	27	53	51	0	28	9	0	0	11	39
202	28 Nov 19	10:50:00	50	0	1	0	Ct	0	0	0	0	0	0	0	0	0	0	0	0	0	0	0	0	0	0	0	0	0	0	0	0	0	0	0	0	0	0	0	0	0	0
498	28 Nov 19	10:50:00	1	0	1	0	MT	0	1	1	4	2	12	3	11	15	4	0	0	0	10	0	0	0	9	0	0	14	4	0	0	7	3	7	0	11	0	0	0	0	6
498	28 Nov 19	10:50:00	1	0	1	0	CT	0	1	6	14	4	32	9	31	28	15	0	0	0	27	0	0	0	58	0	0	24	13	0	0	21	36	21	0	42	5	0	0	7	30
203	28 Nov 19	10:55:00	50	0	1	0	Ct	0	0	0	0	0	0	0	0	0	0	0	0	0	0	0	0	0	0	0	0	0	0	0	0	0	0	0	0	0	0	0	0	0	0
499	28 Nov 19	10:55:00	1	0	1	0	MT	0	1	15	1	2	11	7	13	10	0	4	8	0	6	0	0	0	7	0	0	9	3	0	0	7	2	6	0	12	5	0	0	5	12
499	28 Nov 19	10:55:00	1	0	1	0	CT	0	1	34	3	22	28	27	31	19	3	8	21	0	31	0	0	0	28	0	1	20	21	0	0	27	28	25	0	31	11	0	0	30	39
204	28 Nov 19	11:00:00	50	0	1	0	Ct	0	0	0	0	0	0	0	0	0	0	0	0	0	0	0	0	0	0	0	0	0	0	0	0	0	0	0	0	0	0	0	0	0	0
500	28 Nov 19	11:00:00	1	0	1	0	MT	0	1	12	1	3	12	0	6	12	0	8	8	0	9	0	0	0	7	0	0	9	4	0	0	5	3	5	5	12	4	1	0	8	11
500	28 Nov 19	11:00:00	1	0	1	0	CT	0	1	30	1	31	37	2	28	18	1	28	23	0	63	0	0	0	36	0	2	19	31	0	0	21	24	12	13	39	18	1	0	25	47
205	28 Nov 19	11:05:00	50	0	1	0	Ct	0	0	0	0	0	0	0	0	0	0	0	0	0	0	0	0	0	0	0	0	0	0	0	0	0	0	0	0	0	0	0	0	0	0
501	28 Nov 19	11:05:00	1	0	1	0	MT	0	1	21	0	5	2	0	4	12	0	15	5	0	7	1	0	0	7	0	0	15	3	2	0	7	7	13	0	16	2	0	0	8	9
501	28 Nov 19	11:05:00	1	0	1	0	CT	0	1	34	6	25	14	13	10	22	0	31	19	0	37	7	0	0	33	0	0	28	24	8	0	17	29	60	0	37	8	2	0	37	37
206	28 Nov 19	11:10:00	50	0	1	0	Ct	0	0	0	0	0	0	0	0	0	0	0	0	0	0	0	0	0	0	0	0	0	0	0	0	0	0	0	0	0	0	0	0	0	0
502	28 Nov 19	11:10:00	1	0	1	0	MT	0	1	1	0	0	6	0	8	15	0	9	0	0	12	0	0	0	8	0	0	10	7	2	0	18	4	0	0	6	3	0	0	12	7
502	28 Nov 19	11:10:00	1	0	1	0	CT	0	1	1	4	9	25	3	18	27	0	20	0	0	33	0	0	0	42	0	0	19	28	14	0	46	27	36	12	42	35	1	0	36	24
207	28 Nov 19	11:15:00	50	0	1	0	Ct	0	0	0	0	0	0	0	0	0	0	0	0	0	0	0	0	0	0	0	0	0	0	0	0	0	0	0	0	0	0	0	0	0	0
503	28 Nov 19	11:15:00	1	0	1	0	MT	0	1	9	0	2	6	0	6	18	0	16	0	0	7	5	0	0	5	0	0	7	3	4	0	11	2	0	0	14	3	0	0	18	15
503	28 Nov 19	11:15:00	1	0	1	0	CT	0	1	29	0	14	27	21	33	29	0	46	0	0	46	23	0	0	28	0	0	15	26	9	0	40	10	5	63	40	29	6	0	37	48
208	28 Nov 19	11:20:00	50	0	1	0	Ct	0	0	0	0	0	0	0	0	0	0	0	0	0	0	0	0	0	0	0	0	0	0	0	0	0	0	0	0	0	0	0	0	0	0
504	28 Nov 19	11:20:00	1	0	1	0	MT	0	1	14	0	2	4	0	12	7	0	0	2	0	14	7	0	0	5	0	0	13	3	0	0	9	0	0	4	19	3	1	0	14	8
504	28 Nov 19	11:20:00	1	0	1	0	CT	0	1	40	0	34	12	0	30	13	0	0	14	0	32	41	0	0	14	0	0	48	21	5	0	34	0	0	35	49	15	7	0	34	42
209	28 Nov 19	11:25:00	50	0	1	0	Ct	0	0	0	0	0	0	0	0	0	0	0	0	0	0	0	0	0	0	0	0	0	0	0	0	0	0	0	0	0	0	0	0	0	0
505	28 Nov 19	11:25:00	1	0	1	0	MT	0	1	14	0	3	6	0	9	13	0	0	5	0	11	11	0	0	8	0	0	12	10	0	0	11	0	0	9	15	6	0	0	15	4
505	28 Nov 19	11:25:00	1	0	1	0	CT	0	1	25	0	32	21	0	18	20	0	5	9	0	34	35	0	0	51	3	0	18	34	0	4	36	0	0	26	38	14	0	0	31	16
210	28 Nov 19	11:30:00	50	0	1	0	Ct	0	0	0	0	0	0	0	0	0	0	0	0	0	0	0	0	0	0	0	0	0	0	0	0	0	0	0	0	0	0	0	0	0	0
506	28 Nov 19	11:30:00	1	0	1	0	MT	0	1	9	0	1	8	0	8	9	0	0	1	0	10	6	0	0	7	0	0	10	6	0	0	5	0	0	0	10	0	0	0	15	3
506	28 Nov 19	11:30:00	1	0	1	0	CT	0	1	17	0	20	34	0	26	16	0	7	1	0	38	20	0	0	41	0	0	17	19	0	6	39	0	0	11	31	0	0	0	34	17
211	28 Nov 19	11:35:00	50	0	1	0	Ct	0	0	0	0	0	0	0	0	0	0	0	0	0	0	0	0	0	0	0	0	0	0	0	0	0	0	0	0	0	0	0	0	0	0
507	28 Nov 19	11:35:00	1	0	1	0	MT	0	1	3	0	4	10	0	8	19	0	0	4	0	11	7	0	0	4	0	0	10	6	0	0	10	0	0	6	9	0	1	0	15	11
507	28 Nov 19	11:35:00	1	0	1	0	CT	0	1	27	15	43	23	0	35	34	0	1	11	0	31	18	0	0	24	14	6	17	26	0	5	31	0	63	10	35	0	17	31	34	39
212	28 Nov 19	11:40:00	50	0	1	0	Ct	0	0	0	0	0	0	0	0	0	0	0	0	0	0	0	0	0	0	0	0	0	0	0	0	0	0	0	0	0	0	0	0	0	0
508	28 Nov 19	11:40:00	1	0	1	0	MT	0	1	0	0	0	12	0	2	11	0	0	3	0	6	6	0	0	10	0	0	14	3	0	0	7	0	0	3	17	0	6	0	6	12
508	28 Nov 19	11:40:00	1	0	1	0	CT	0	1	1	6	5	29	0	18	23	0	0	14	0	25	21	0	0	35	0	1	33	83	0	0	36	0	1	6	66	0	20	5	13	41
213	28 Nov 19	11:45:00	50	0	1	0	Ct	0	0	0	0	0	0	0	0	0	0	0	0	0	0	0	0	0	0	0	0	0	0	0	0	0	0	0	0	0	0	0	0	0	0
509	28 Nov 19	11:45:00	1	0	1	0	MT	0	1	0	2	3	10	0	0	15	0	0	8	0	11	15	0	0	8	0	2	13	6	0	0	7	0	0	3	16	0	0	0	0	2
509	28 Nov 19	11:45:00	1	0	1	0	CT	0	1	0	8	19	32	0	0	24	0	0	22	0	36	43	0	0	32	0	6	23	21	5	0	31	0	4	22	31	0	0	0	3	4
214	28 Nov 19	11:50:00	50	0	1	0	Ct	0	0	0	0	0	0	0	0	0	0	0	0	0	0	0	0	0	0	0	0	0	0	0	0	0	0	0	0	0	0	0	0	0	0
510	28 Nov 19	11:50:00	1	0	1	0	MT	0	1	0	0	3	11	0	0	12	9	15	4	0	8	6	0	0	3	0	2	9	9	5	0	3	0	0	6	14	0	0	0	0	0
510	28 Nov 19	11:50:00	1	0	1	0	CT	0	1	0	2	43	31	0	0	22	25	28	7	0	32	28	0	0	18	0	18	34	33	14	0	14	0	2	7	31	0	0	0	1	0
215	28 Nov 19	11:55:00	50	0	1	0	Ct	0	0	0	0	0	0	0	0	0	0	0	0	0	0	0	0	0	0	0	0	0	0	0	0	0	0	0	0	0	0	0	0	0	0
511	28 Nov 19	11:55:00	1	0	1	0	MT	0	1	0	0	0	9	4	0	18	12	3	12	0	10	13	0	0	2	0	0	8	3	0	0	10	0	0	2	15	0	0	0	0	0
511	28 Nov 19	11:55:00	1	0	1	0	CT	0	1	0	4	20	32	26	0	28	20	8	29	0	24	35	0	0	17	0	3	21	18	3	6	34	1	9	5	27	0	0	0	0	0
216	28 Nov 19	12:00:00	50	0	1	0	Ct	0	0	0	0	0	0	0	0	0	0	0	0	0	0	0	0	0	0	0	0	0	0	0	0	0	0	0	0	0	0	0	0	0	0
512	28 Nov 19	12:00:00	1	0	1	0	MT	0	1	0	0	3	9	5	0	21	16	0	12	0	7	8	0	0	10	0	2	15	6	0	0	8	9	1	11	10	0	0	0	0	0
512	28 Nov 19	12:00:00	1	0	1	0	CT	0	1	0	2	23	40	24	0	33	30	8	37	0	45	23	0	0	26	0	5	35	21	5	1	35	36	3	21	25	0	0	0	16	0
217	28 Nov 19	12:05:00	50	0	1	0	Ct	0	0	0	0	0	0	0	0	0	0	0	0	0	0	0	0	0	0	0	0	0	0	0	0	0	0	0	0	0	0	0	0	0	0
513	28 Nov 19	12:05:00	1	0	1	0	MT	0	1	0	0	0	10	7	0	13	10	0	10	0	9	4	0	0	2	0	0	11	3	1	0	4	4	0	12	14	0	0	0	0	0
513	28 Nov 19	12:05:00	1	0	1	0	CT	0	1	0	5	18	38	65	0	21	19	8	32	0	24	10	0	0	9	0	0	17	8	3	4	14	18	3	27	29	0	0	0	0	0
218	28 Nov 19	12:10:00	50	0	1	0	Ct	0	0	0	0	0	0	0	0	0	0	0	0	0	0	0	0	0	0	0	0	0	0	0	0	0	0	0	0	0	0	0	0	0	0
514	28 Nov 19	12:10:00	1	0	1	0	MT	0	1	6	0	5	7	6	0	18	15	0	6	0	14	3	0	0	6	0	0	14	4	7	0	6	5	0	3	13	0	0	0	0	1
514	28 Nov 19	12:10:00	1	0	1	0	CT	0	1	22	0	56	38	27	0	32	27	5	8	0	30	13	0	0	38	0	3	25	28	36	0	27	43	0	9	38	0	0	0	0	2
219	28 Nov 19	12:15:00	50	0	1	0	Ct	0	0	0	0	0	0	0	0	0	0	0	0	0	0	0	0	0	0	0	0	0	0	0	0	0	0	0	0	0	0	0	0	0	0
515	28 Nov 19	12:15:00	1	0	1	0	MT	0	1	11	0	3	5	5	2	18	12	0	0	0	7	13	0	0	12	0	0	12	9	2	0	7	7	0	0	15	0	4	1	0	0
515	28 Nov 19	12:15:00	1	0	1	0	CT	0	1	23	4	29	11	21	12	31	25	4	3	0	21	26	0	0	36	0	4	35	33	5	0	26	35	3	0	32	0	26	13	0	8
220	28 Nov 19	12:20:00	50	0	1	0	Ct	0	0	0	0	0	0	0	0	0	0	0	0	0	0	0	0	0	0	0	0	0	0	0	0	0	0	0	0	0	0	0	0	0	0
516	28 Nov 19	12:20:00	1	0	1	0	MT	0	1	8	0	3	13	3	13	13	17	0	0	0	9	7	0	0	8	0	0	12	4	0	0	10	7	0	0	10	0	16	0	0	2
516	28 Nov 19	12:20:00	1	0	1	0	CT	0	1	16	0	51	26	19	39	22	41	59	0	0	28	25	0	0	28	0	2	24	15	5	2	47	42	4	3	22	0	47	0	0	7
221	28 Nov 19	12:25:00	50	0	1	0	Ct	0	0	0	0	0	0	0	0	0	0	0	0	0	0	0	0	0	0	0	0	0	0	0	0	0	0	0	0	0	0	0	0	0	0
517	28 Nov 19	12:25:00	1	0	1	0	MT	0	1	0	0	0	11	3	10	10	8	0	0	0	12	0	0	0	8	0	0	18	5	0	0	10	11	0	0	11	0	9	2	2	0
517	28 Nov 19	12:25:00	1	0	1	0	CT	0	1	0	0	28	28	39	25	21	22	12	7	0	32	0	0	0	38	15	2	33	16	2	3	35	33	0	1	30	0	19	7	9	0
222	28 Nov 19	12:30:00	50	0	1	0	Ct	0	0	0	0	0	0	0	0	0	0	0	0	0	0	0	0	0	0	0	0	0	0	0	0	0	0	0	0	0	0	0	0	0	0
518	28 Nov 19	12:30:00	1	0	1	0	MT	0	1	0	0	3	8	7	4	19	10	0	16	0	13	0	0	0	9	2	2	14	4	0	0	8	7	1	0	9	0	8	0	4	0
518	28 Nov 19	12:30:00	1	0	1	0	CT	0	1	0	0	12	26	17	37	30	30	0	49	0	39	0	0	8	33	18	24	29	15	1	5	29	22	3	0	29	0	25	0	21	0
223	28 Nov 19	12:35:00	50	0	1	0	Ct	0	0	0	0	0	0	0	0	0	0	0	0	0	0	0	0	0	0	0	0	0	0	0	0	0	0	0	0	0	0	0	0	0	0
519	28 Nov 19	12:35:00	1	0	1	0	MT	0	1	1	0	3	10	3	0	8	9	2	17	0	14	1	0	4	11	0	0	14	6	0	0	3	4	0	0	15	0	0	0	1	0
519	28 Nov 19	12:35:00	1	0	1	0	CT	0	1	11	0	31	22	18	1	18	30	2	39	0	39	1	0	19	48	0	2	34	22	0	8	16	24	0	0	33	0	0	0	5	0
224	28 Nov 19	12:40:00	50	0	1	0	Ct	0	0	0	0	0	0	0	0	0	0	0	0	0	0	0	0	0	0	0	0	0	0	0	0	0	0	0	0	0	0	0	0	0	0
520	28 Nov 19	12:40:00	1	0	1	0	MT	0	1	6	1	4	9	0	0	13	12	4	0	0	8	0	0	4	9	0	0	18	9	8	0	6	9	0	0	12	0	0	0	0	0
520	28 Nov 19	12:40:00	1	0	1	0	CT	0	1	10	3	27	23	1	5	24	23	12	0	0	35	7	0	12	35	0	1	36	35	22	16	47	37	0	0	42	0	0	0	1	0
225	28 Nov 19	12:45:00	50	0	1	0	Ct	0	0	0	0	0	0	0	0	0	0	0	0	0	0	0	0	0	0	0	0	0	0	0	0	0	0	0	0	0	0	0	0	0	0
521	28 Nov 19	12:45:00	1	0	1	0	MT	0	1	1	1	3	8	0	0	9	10	8	7	0	8	4	0	6	8	0	0	16	7	0	0	1	9	0	0	15	0	0	2	1	0
521	28 Nov 19	12:45:00	1	0	1	0	CT	0	1	33	8	36	20	0	0	25	23	26	25	0	33	16	0	22	50	0	5	34	47	1	21	17	26	0	0	36	0	0	18	4	0
226	28 Nov 19	12:50:00	50	0	1	0	Ct	0	0	0	0	0	0	0	0	0	0	0	0	0	0	0	0	0	0	0	0	0	0	0	0	0	0	0	0	0	0	0	0	0	0
522	28 Nov 19	12:50:00	1	0	1	0	MT	0	1	15	0	2	12	0	0	12	12	0	11	0	11	10	0	2	9	0	0	16	8	0	0	10	6	0	1	8	0	0	0	0	0
522	28 Nov 19	12:50:00	1	0	1	0	CT	0	1	34	7	43	32	0	4	18	21	2	31	0	32	32	0	6	37	0	0	37	23	63	48	36	43	0	1	20	2	0	0	3	0
227	28 Nov 19	12:55:00	50	0	1	0	Ct	0	0	0	0	0	0	0	0	0	0	0	0	0	0	0	0	0	0	0	0	0	0	0	0	0	0	0	0	0	0	0	0	0	0
523	28 Nov 19	12:55:00	1	0	1	0	MT	0	1	16	2	0	9	0	0	9	11	0	5	0	10	10	0	2	9	0	0	11	6	5	0	11	6	1	0	16	2	0	0	3	0
523	28 Nov 19	12:55:00	1	0	1	0	CT	0	1	27	11	2	18	0	0	27	23	0	17	4	33	42	0	7	33	0	0	21	33	20	8	26	34	8	7	47	10	0	0	11	0
228	28 Nov 19	13:00:00	50	0	1	0	Ct	0	0	0	0	0	0	0	0	0	0	0	0	0	0	0	0	0	0	0	0	0	0	0	0	0	0	0	0	0	0	0	0	0	0
524	28 Nov 19	13:00:00	1	0	1	0	MT	0	1	3	0	3	5	4	4	15	18	0	1	0	8	8	0	2	9	0	4	15	5	1	8	9	9	0	0	11	0	0	0	5	0
524	28 Nov 19	13:00:00	1	0	1	0	CT	0	1	7	8	26	18	14	24	31	37	0	2	0	28	33	0	10	38	0	10	26	22	1	38	31	44	23	0	21	4	0	0	29	0
229	28 Nov 19	13:05:00	50	0	1	0	Ct	0	0	0	0	0	0	0	0	0	0	0	0	0	0	0	0	0	0	0	0	0	0	0	0	0	0	0	0	0	0	0	0	0	0
525	28 Nov 19	13:05:00	1	0	1	0	MT	0	1	6	0	0	7	4	13	12	14	0	0	0	7	6	0	1	7	0	2	16	8	2	1	6	7	0	9	16	0	0	0	2	0
525	28 Nov 19	13:05:00	1	0	1	0	CT	0	1	15	5	0	15	33	39	19	32	0	3	0	38	15	0	7	45	0	10	28	35	5	11	31	58	7	21	38	0	0	1	10	0
230	28 Nov 19	13:10:00	50	0	1	0	Ct	0	0	0	0	0	0	0	0	0	0	0	0	0	0	0	0	0	0	0	0	0	0	0	0	0	0	0	0	0	0	0	0	0	0
526	28 Nov 19	13:10:00	1	0	1	0	MT	0	1	1	0	3	9	4	5	11	9	0	0	0	10	7	0	5	3	0	0	12	3	2	0	6	9	0	8	12	0	0	9	3	8
526	28 Nov 19	13:10:00	1	0	1	0	CT	0	1	3	0	39	23	37	33	22	26	0	0	0	31	15	0	18	43	0	2	32	35	6	11	32	42	0	14	32	27	0	39	13	58
231	28 Nov 19	13:15:00	50	0	1	0	Ct	0	0	0	0	0	0	0	0	0	0	0	0	0	0	0	0	0	0	0	0	0	0	0	0	0	0	0	0	0	0	0	0	0	0
527	28 Nov 19	13:15:00	1	0	1	0	MT	0	1	11	0	3	10	4	0	17	10	0	0	0	9	10	0	10	8	0	0	15	6	3	0	13	7	0	6	4	0	0	6	0	9
527	28 Nov 19	13:15:00	1	0	1	0	CT	0	1	19	1	28	28	23	0	32	18	0	1	0	50	23	0	36	33	0	0	25	15	22	0	34	34	3	11	6	0	0	46	0	58
232	28 Nov 19	13:20:00	50	0	1	0	Ct	0	0	0	0	0	0	0	0	0	0	0	0	0	0	0	0	0	0	0	0	0	0	0	0	0	0	0	0	0	0	0	0	0	0
528	28 Nov 19	13:20:00	1	0	1	0	MT	0	1	17	0	0	13	5	0	13	12	1	12	0	12	9	0	9	4	0	0	17	5	1	0	6	3	0	6	15	0	0	3	0	11
528	28 Nov 19	13:20:00	1	0	1	0	CT	0	1	31	1	0	46	22	0	24	35	5	37	0	32	20	0	36	25	0	36	27	20	15	0	33	48	0	18	31	0	0	20	0	40
233	28 Nov 19	13:25:00	50	0	1	0	Ct	0	0	0	0	0	0	0	0	0	0	0	0	0	0	0	0	0	0	0	0	0	0	0	0	0	0	0	0	0	0	0	0	0	0
529	28 Nov 19	13:25:00	1	0	1	0	MT	0	1	3	0	3	9	1	6	6	14	0	4	0	15	12	0	9	6	0	2	16	3	8	0	7	8	0	12	17	0	0	6	0	15
529	28 Nov 19	13:25:00	1	0	1	0	CT	0	1	12	0	35	22	7	27	9	31	6	15	29	34	42	0	21	21	0	9	30	38	15	0	29	50	2	24	42	0	0	17	0	57
234	28 Nov 19	13:30:00	50	0	1	0	Ct	0	0	0	0	0	0	0	0	0	0	0	0	0	0	0	0	0	0	0	0	0	0	0	0	0	0	0	0	0	0	0	0	0	0
530	28 Nov 19	13:30:00	1	0	1	0	MT	0	1	0	0	3	11	1	5	9	5	0	15	0	12	11	0	7	9	0	0	16	8	2	0	7	5	0	0	14	0	0	9	0	15
530	28 Nov 19	13:30:00	1	0	1	0	CT	0	1	11	0	35	31	4	14	35	13	0	37	0	29	26	0	38	24	0	2	29	33	25	0	26	26	4	0	29	0	0	31	0	54
235	28 Nov 19	13:35:00	50	0	1	0	Ct	0	0	0	0	0	0	0	0	0	0	0	0	0	0	0	0	0	0	0	0	0	0	0	0	0	0	0	0	0	0	0	0	0	0
531	28 Nov 19	13:35:00	1	0	1	0	MT	0	1	0	0	3	7	5	11	14	7	0	12	0	11	3	0	5	10	0	0	18	7	2	1	5	3	0	3	19	0	5	10	0	9
531	28 Nov 19	13:35:00	1	0	1	0	CT	0	1	0	0	35	20	28	34	21	14	0	31	4	32	22	0	20	32	0	0	39	18	65	1	28	37	0	19	36	0	13	33	0	37
236	28 Nov 19	13:40:00	50	0	1	0	Ct	0	0	0	0	0	0	0	0	0	0	0	0	0	0	0	0	0	0	0	0	0	0	0	0	0	0	0	0	0	0	0	0	0	0
532	28 Nov 19	13:40:00	1	0	1	0	MT	0	1	0	0	0	10	6	3	10	9	0	6	1	12	11	0	6	7	0	0	16	6	2	0	8	4	0	3	11	4	7	11	0	13
532	28 Nov 19	13:40:00	1	0	1	0	CT	0	1	0	3	0	32	35	9	22	13	0	13	33	24	35	0	22	30	0	1	40	24	20	0	29	28	0	7	27	14	33	55	0	51
237	28 Nov 19	13:45:00	50	0	1	0	Ct	0	0	0	0	0	0	0	0	0	0	0	0	0	0	0	0	0	0	0	0	0	0	0	0	0	0	0	0	0	0	0	0	0	0
533	28 Nov 19	13:45:00	1	0	1	0	MT	0	1	0	0	3	9	4	1	14	12	1	12	0	13	6	0	0	9	0	2	12	6	16	0	8	7	1	0	14	1	4	7	0	7
533	28 Nov 19	13:45:00	1	0	1	0	CT	0	1	0	17	28	15	20	5	24	31	13	50	6	41	19	0	4	32	0	22	43	26	37	2	31	41	4	15	37	14	22	62	0	33
238	28 Nov 19	13:50:00	50	0	1	0	Ct	0	0	0	0	0	0	0	0	0	0	0	0	0	0	0	0	0	0	0	0	0	0	0	0	0	0	0	0	0	0	0	0	0	0
534	28 Nov 19	13:50:00	1	0	1	0	MT	0	1	0	2	2	8	5	0	21	12	2	6	0	9	12	0	9	7	0	2	13	5	18	2	13	5	1	6	10	4	13	7	0	1
534	28 Nov 19	13:50:00	1	0	1	0	CT	0	1	0	3	34	26	30	0	32	24	10	19	0	39	30	0	22	27	0	8	25	20	31	12	30	24	2	18	26	18	34	19	0	3
239	28 Nov 19	13:55:00	50	0	1	0	Ct	0	0	0	0	0	0	0	0	0	0	0	0	0	0	0	0	0	0	0	0	0	0	0	0	0	0	0	0	0	0	0	0	0	0
535	28 Nov 19	13:55:00	1	0	1	0	MT	0	1	0	0	6	11	5	0	15	9	0	19	0	9	9	0	11	12	0	0	8	10	6	9	15	7	2	0	12	3	17	7	1	5
535	28 Nov 19	13:55:00	1	0	1	0	CT	0	1	0	63	35	26	7	0	24	12	0	35	1	30	30	0	27	32	0	8	24	35	10	37	34	31	13	0	32	28	39	24	4	33
240	28 Nov 19	14:00:00	50	0	1	0	Ct	0	0	0	0	0	0	0	0	0	0	0	0	0	0	0	0	0	0	0	0	0	0	0	0	0	0	0	0	0	0	0	0	0	0
536	28 Nov 19	14:00:00	1	0	1	0	MT	0	1	4	2	3	6	2	0	11	13	0	17	1	6	11	0	5	11	0	0	18	5	2	10	9	3	13	0	10	11	11	10	2	8
536	28 Nov 19	14:00:00	1	0	1	0	CT	0	1	16	14	29	29	24	0	19	25	49	32	38	39	23	0	12	40	0	15	37	21	16	31	30	25	39	7	22	37	32	25	9	34
241	28 Nov 19	14:05:00	50	0	1	0	Ct	0	0	0	0	0	0	0	0	0	0	0	0	0	0	0	0	0	0	0	0	0	0	0	0	0	0	0	0	0	0	0	0	0	0
537	28 Nov 19	14:05:00	1	0	1	0	MT	0	1	12	7	3	8	1	0	19	12	0	23	0	10	6	0	8	10	0	0	12	3	7	10	8	7	4	0	15	6	8	9	4	9
537	28 Nov 19	14:05:00	1	0	1	0	CT	0	1	26	20	21	24	4	0	30	28	4	48	3	27	42	0	22	36	2	35	35	11	45	39	31	37	32	0	32	20	23	29	15	47
242	28 Nov 19	14:10:00	50	0	1	0	Ct	0	0	0	0	0	0	0	0	0	0	0	0	0	0	0	0	0	0	0	0	0	0	0	0	0	0	0	0	0	0	0	0	0	0
538	28 Nov 19	14:10:00	1	0	1	0	MT	0	1	3	2	1	6	1	0	19	8	0	18	0	6	10	0	3	9	0	0	11	6	15	12	14	7	10	0	14	8	13	11	4	7
538	28 Nov 19	14:10:00	1	0	1	0	CT	0	1	12	17	12	24	3	0	32	28	6	29	0	14	28	0	7	41	3	0	37	15	35	25	51	26	40	0	40	19	41	29	26	27
243	28 Nov 19	14:15:00	50	0	1	0	Ct	0	0	0	0	0	0	0	0	0	0	0	0	0	0	0	0	0	0	0	0	0	0	0	0	0	0	0	0	0	0	0	0	0	0
539	28 Nov 19	14:15:00	1	0	1	0	MT	0	1	9	0	2	12	4	10	18	16	0	18	0	9	9	0	0	8	0	0	20	10	18	9	7	7	8	0	15	8	6	8	14	5
539	28 Nov 19	14:15:00	1	0	1	0	CT	0	1	21	0	55	33	22	30	29	29	23	28	5	22	21	0	0	35	0	0	34	39	32	30	43	39	21	0	34	27	16	24	35	30
244	28 Nov 19	14:20:00	50	0	1	0	Ct	0	0	0	0	0	0	0	0	0	0	0	0	0	0	0	0	0	0	0	0	0	0	0	0	0	0	0	0	0	0	0	0	0	0
540	28 Nov 19	14:20:00	1	0	1	0	MT	0	1	5	4	3	12	4	5	15	12	3	23	0	15	6	0	0	6	0	2	10	1	18	12	3	3	5	3	9	6	9	7	15	2
540	28 Nov 19	14:20:00	1	0	1	0	CT	0	1	15	11	21	50	21	21	24	25	16	41	9	35	35	0	1	18	0	8	31	12	32	32	25	23	24	7	40	18	24	27	32	7
245	28 Nov 19	14:25:00	50	0	1	0	Ct	0	0	0	0	0	0	0	0	0	0	0	0	0	0	0	0	0	0	0	0	0	0	0	0	0	0	0	0	0	0	0	0	0	0
541	28 Nov 19	14:25:00	1	0	1	0	MT	0	1	4	0	0	8	4	7	22	11	1	20	2	10	7	0	5	12	7	6	8	10	12	9	6	4	9	6	8	7	12	10	16	0
541	28 Nov 19	14:25:00	1	0	1	0	CT	0	1	20	0	16	52	29	22	40	18	8	39	14	20	23	0	28	42	25	19	20	35	34	27	26	13	33	44	24	18	23	23	50	4
246	28 Nov 19	14:30:00	50	0	1	0	Ct	0	0	0	0	0	0	0	0	0	0	0	0	0	0	0	0	0	0	0	0	0	0	0	0	0	0	0	0	0	0	0	0	0	0
542	28 Nov 19	14:30:00	1	0	1	0	MT	0	1	0	5	3	7	2	6	12	12	0	12	0	8	10	0	2	7	10	0	13	9	18	3	11	4	3	3	13	6	9	12	16	1
542	28 Nov 19	14:30:00	1	0	1	0	CT	0	1	0	46	33	22	15	15	22	23	19	38	25	31	29	0	36	29	39	3	41	34	34	20	66	14	71	7	27	21	67	32	37	10
247	28 Nov 19	14:35:00	50	0	1	0	Ct	0	0	0	0	0	0	0	0	0	0	0	0	0	0	0	0	0	0	0	0	0	0	0	0	0	0	0	0	0	0	0	0	0	0
543	28 Nov 19	14:35:00	1	0	1	0	MT	0	1	0	6	2	10	0	14	18	14	0	6	5	9	12	0	9	6	3	0	16	10	11	8	9	4	5	0	9	5	12	11	12	7
543	28 Nov 19	14:35:00	1	0	1	0	CT	0	1	0	28	26	29	0	29	53	28	0	14	27	20	28	0	24	27	25	2	28	33	30	12	23	20	36	0	41	18	19	29	25	32
248	28 Nov 19	14:40:00	50	0	1	0	Ct	0	0	0	0	0	0	0	0	0	0	0	0	0	0	0	0	0	0	0	0	0	0	0	0	0	0	0	0	0	0	0	0	0	0
544	28 Nov 19	14:40:00	1	0	1	0	MT	0	1	0	7	1	13	0	7	10	7	0	0	0	11	5	0	4	12	3	0	11	9	13	4	16	4	8	6	13	1	15	14	11	6
544	28 Nov 19	14:40:00	1	0	1	0	CT	0	1	0	19	8	48	0	37	22	27	0	0	0	31	19	0	11	27	24	6	25	43	22	52	31	63	24	12	45	1	33	29	37	33
249	28 Nov 19	14:45:00	50	0	1	0	Ct	0	0	0	0	0	0	0	0	0	0	0	0	0	0	0	0	0	0	0	0	0	0	0	0	0	0	0	0	0	0	0	0	0	0
545	28 Nov 19	14:45:00	1	0	1	0	MT	0	1	0	3	3	10	1	4	20	13	0	0	0	9	15	0	2	9	2	0	18	5	9	0	6	6	5	6	15	3	13	0	13	5
545	28 Nov 19	14:45:00	1	0	1	0	CT	0	1	0	13	21	26	1	25	39	26	0	0	1	41	37	0	8	35	8	0	26	25	15	6	20	31	14	14	48	52	35	0	40	28
250	28 Nov 19	14:50:00	50	0	1	0	Ct	0	0	0	0	0	0	0	0	0	0	0	0	0	0	0	0	0	0	0	0	0	0	0	0	0	0	0	0	0	0	0	0	0	0
546	28 Nov 19	14:50:00	1	0	1	0	MT	0	1	0	0	0	8	1	13	16	4	0	1	1	15	11	0	8	12	1	2	10	3	14	0	7	3	0	4	16	6	14	0	14	3
546	28 Nov 19	14:50:00	1	0	1	0	CT	0	1	0	3	0	21	22	34	29	9	0	49	2	39	76	0	20	52	1	3	24	16	33	0	30	18	2	10	45	29	38	0	32	13
251	28 Nov 19	14:55:00	50	0	1	0	Ct	0	0	0	0	0	0	0	0	0	0	0	0	0	0	0	0	0	0	0	0	0	0	0	0	0	0	0	0	0	0	0	0	0	0
547	28 Nov 19	14:55:00	1	0	1	0	MT	0	1	12	0	1	6	4	6	18	12	4	7	0	12	10	0	10	9	0	0	20	8	6	0	11	8	0	8	15	7	13	0	12	5
547	28 Nov 19	14:55:00	1	0	1	0	CT	0	1	21	0	17	34	19	74	26	28	27	19	0	30	35	0	22	30	8	0	30	21	16	0	45	22	1	15	34	18	33	0	25	18
252	28 Nov 19	15:00:00	50	0	1	0	Ct	0	0	0	0	0	0	0	0	0	0	0	0	0	0	0	0	0	0	0	0	0	0	0	0	0	0	0	0	0	0	0	0	0	0
548	28 Nov 19	15:00:00	1	0	1	0	MT	0	1	12	0	3	15	3	1	21	14	5	6	0	9	8	0	8	15	0	0	15	5	10	0	9	9	0	4	11	14	16	0	21	4
548	28 Nov 19	15:00:00	1	0	1	0	CT	0	1	30	0	48	38	41	12	31	30	19	24	0	38	67	0	19	44	0	0	27	20	28	0	30	35	1	10	37	31	26	0	44	23
253	28 Nov 19	15:05:00	50	0	1	0	Ct	0	0	0	0	0	0	0	0	0	0	0	0	0	0	0	0	0	0	0	0	0	0	0	0	0	0	0	0	0	0	0	0	0	0
549	28 Nov 19	15:05:00	1	0	1	0	MT	0	1	11	0	4	8	0	0	21	15	21	10	0	15	6	0	6	10	0	0	12	8	9	0	6	6	0	10	0	6	23	0	14	11
549	28 Nov 19	15:05:00	1	0	1	0	CT	0	1	25	0	19	26	0	7	45	26	39	24	0	29	20	0	17	26	0	0	22	27	27	0	35	46	3	22	0	18	49	0	30	47
254	28 Nov 19	15:10:00	50	0	1	0	Ct	0	0	0	0	0	0	0	0	0	0	0	0	0	0	0	0	0	0	0	0	0	0	0	0	0	0	0	0	0	0	0	0	0	0
550	28 Nov 19	15:10:00	1	0	1	0	MT	0	1	17	0	1	11	0	0	20	12	9	2	0	11	9	0	9	10	0	0	16	8	12	0	7	3	0	4	8	2	4	0	1	9
550	28 Nov 19	15:10:00	1	0	1	0	CT	0	1	32	1	19	28	0	3	32	28	21	9	6	42	32	0	24	46	1	0	30	26	19	0	40	11	2	11	17	7	9	0	17	51
255	28 Nov 19	15:15:00	50	0	1	0	Ct	0	0	0	0	0	0	0	0	0	0	0	0	0	0	0	0	0	0	0	0	0	0	0	0	0	0	0	0	0	0	0	0	0	0
551	28 Nov 19	15:15:00	1	0	1	0	MT	0	1	14	4	3	11	0	5	15	9	4	0	2	7	12	0	6	10	2	0	20	5	12	3	11	3	0	3	22	5	13	0	11	6
551	28 Nov 19	15:15:00	1	0	1	0	CT	0	1	33	31	22	24	4	24	22	23	17	0	8	28	35	0	33	34	14	0	37	16	24	10	33	44	1	13	56	17	36	0	50	40
256	28 Nov 19	15:20:00	50	0	1	0	Ct	0	0	0	0	0	0	0	0	0	0	0	0	0	0	0	0	0	0	0	0	0	0	0	0	0	0	0	0	0	0	0	0	0	0
552	28 Nov 19	15:20:00	1	0	1	0	MT	0	1	18	4	0	4	6	16	19	9	13	1	0	12	18	0	10	9	0	0	17	9	10	3	9	5	0	7	12	6	13	0	18	6
552	28 Nov 19	15:20:00	1	0	1	0	CT	0	1	23	22	11	74	30	32	27	42	25	1	1	55	42	0	24	41	7	12	41	49	21	7	41	25	0	65	34	27	24	1	39	44
257	28 Nov 19	15:25:00	50	0	1	0	Ct	0	0	0	0	0	0	0	0	0	0	0	0	0	0	0	0	0	0	0	0	0	0	0	0	0	0	0	0	0	0	0	0	0	0
553	28 Nov 19	15:25:00	1	0	1	0	MT	0	1	7	9	4	9	6	18	20	11	22	0	1	12	9	0	9	6	0	0	14	7	14	0	9	5	1	7	20	9	15	0	18	7
553	28 Nov 19	15:25:00	1	0	1	0	CT	0	1	14	42	40	30	34	53	35	19	37	18	15	44	27	0	18	19	3	1	29	21	28	0	39	43	63	72	40	15	29	0	39	43
258	28 Nov 19	15:30:00	50	0	1	0	Ct	0	0	0	0	0	0	0	0	0	0	0	0	0	0	0	0	0	0	0	0	0	0	0	0	0	0	0	0	0	0	0	0	0	0
554	28 Nov 19	15:30:00	1	0	1	0	MT	0	1	10	5	0	9	2	12	22	7	12	0	0	11	13	0	6	11	0	0	19	7	8	3	5	6	4	11	14	5	12	0	15	5
554	28 Nov 19	15:30:00	1	0	1	0	CT	0	1	42	22	0	19	29	44	35	15	28	6	0	35	36	0	25	32	8	7	28	25	18	20	74	36	25	23	34	16	26	0	42	21
259	28 Nov 19	15:35:00	50	0	1	0	Ct	0	0	0	0	0	0	0	0	0	0	0	0	0	0	0	0	0	0	0	0	0	0	0	0	0	0	0	0	0	0	0	0	0	0
555	28 Nov 19	15:35:00	1	0	1	0	MT	0	1	17	8	0	12	3	30	15	12	1	0	1	7	6	0	3	10	0	0	15	6	10	9	9	6	10	9	16	11	15	0	14	3
555	28 Nov 19	15:35:00	1	0	1	0	CT	0	1	28	75	13	34	9	49	28	26	6	0	11	32	29	0	18	35	2	7	31	33	36	43	22	29	28	17	38	25	35	0	55	29
260	28 Nov 19	15:40:00	50	0	1	0	Ct	0	0	0	0	0	0	0	0	0	0	0	0	0	0	0	0	0	0	0	0	0	0	0	0	0	0	0	0	0	0	0	0	0	0
556	28 Nov 19	15:40:00	1	0	1	0	MT	0	1	9	9	3	9	7	17	22	6	0	14	2	12	15	0	9	15	0	0	15	7	10	8	8	8	7	8	17	12	11	0	17	4
556	28 Nov 19	15:40:00	1	0	1	0	CT	0	1	16	52	42	30	25	47	38	22	0	28	12	28	45	0	18	45	3	0	41	27	26	16	69	42	30	16	41	31	27	0	33	26
261	28 Nov 19	15:45:00	50	0	1	0	Ct	0	0	0	0	0	0	0	0	0	0	0	0	0	0	0	0	0	0	0	0	0	0	0	0	0	0	0	0	0	0	0	0	0	0
557	28 Nov 19	15:45:00	1	0	1	0	MT	0	1	0	5	0	11	3	21	15	0	4	20	3	7	8	0	6	9	6	0	14	7	9	4	9	1	5	1	11	0	7	0	11	11
557	28 Nov 19	15:45:00	1	0	1	0	CT	0	1	0	16	0	26	18	39	33	2	6	39	33	21	37	0	11	42	30	0	28	23	17	18	35	11	31	4	46	0	26	4	26	72
262	28 Nov 19	15:50:00	50	0	1	0	Ct	0	0	0	0	0	0	0	0	0	0	0	0	0	0	0	0	0	0	0	0	0	0	0	0	0	0	0	0	0	0	0	0	0	0
558	28 Nov 19	15:50:00	1	0	1	0	MT	0	1	1	5	3	11	1	16	18	2	17	10	0	12	10	0	6	9	6	1	17	7	11	3	7	2	4	3	15	0	11	0	12	13
558	28 Nov 19	15:50:00	1	0	1	0	CT	0	1	4	30	13	29	2	38	44	7	76	45	32	28	33	0	11	35	30	5	30	29	31	11	37	26	31	16	55	0	25	0	41	49
263	28 Nov 19	15:55:00	50	0	1	0	Ct	0	0	0	0	0	0	0	0	0	0	0	0	0	0	0	0	0	0	0	0	0	0	0	0	0	0	0	0	0	0	0	0	0	0
559	28 Nov 19	15:55:00	1	0	1	0	MT	0	1	9	15	0	5	2	21	21	0	13	17	3	7	2	0	5	12	14	3	14	8	10	3	9	3	1	4	11	3	17	0	15	1
559	28 Nov 19	15:55:00	1	0	1	0	CT	0	1	22	30	25	21	8	44	44	0	34	31	6	16	12	0	43	40	47	16	25	55	37	6	36	14	32	8	41	8	45	9	47	20
264	28 Nov 19	16:00:00	50	0	1	0	Ct	0	0	0	0	0	0	0	0	0	0	0	0	0	0	0	0	0	0	0	0	0	0	0	0	0	0	0	0	0	0	0	0	0	0
560	28 Nov 19	16:00:00	1	0	1	0	MT	0	1	16	12	0	15	0	9	11	0	22	14	3	9	10	0	4	11	16	2	10	10	13	9	12	6	2	9	13	2	5	3	14	1
560	28 Nov 19	16:00:00	1	0	1	0	CT	0	1	26	30	0	37	0	21	16	0	39	28	22	31	33	10	16	29	47	14	19	28	25	24	69	25	26	15	36	14	62	28	47	9
265	28 Nov 19	16:05:00	50	0	1	0	Ct	0	0	0	0	0	0	0	0	0	0	0	0	0	0	0	0	0	0	0	0	0	0	0	0	0	0	0	0	0	0	0	0	0	0
561	28 Nov 19	16:05:00	1	0	1	0	MT	0	1	19	10	0	10	2	10	13	0	10	0	2	11	3	0	13	13	16	0	16	9	5	4	14	2	5	2	12	8	18	5	17	5
561	28 Nov 19	16:05:00	1	0	1	0	CT	0	1	36	28	26	38	14	37	28	0	15	1	75	56	12	0	26	49	43	0	46	34	13	13	41	17	24	10	37	44	40	24	33	28
266	28 Nov 19	16:10:00	50	0	1	0	Ct	0	0	0	0	0	0	0	0	0	0	0	0	0	0	0	0	0	0	0	0	0	0	0	0	0	0	0	0	0	0	0	0	0	0
562	28 Nov 19	16:10:00	1	0	1	0	MT	0	1	21	17	0	11	5	25	10	0	9	0	8	3	8	0	8	6	18	0	15	6	11	9	10	7	6	0	9	7	18	6	8	6
562	28 Nov 19	16:10:00	1	0	1	0	CT	0	1	34	29	0	30	22	48	36	0	70	0	19	28	23	0	13	16	36	0	30	27	22	24	34	26	21	0	33	23	41	18	50	34
267	28 Nov 19	16:15:00	50	0	1	0	Ct	0	0	0	0	0	0	0	0	0	0	0	0	0	0	0	0	0	0	0	0	0	0	0	0	0	0	0	0	0	0	0	0	0	0
563	28 Nov 19	16:15:00	1	0	1	0	MT	0	1	15	11	2	12	1	21	15	9	1	6	9	12	13	0	6	8	22	2	11	5	14	6	9	8	5	8	13	6	11	4	11	8
563	28 Nov 19	16:15:00	1	0	1	0	CT	0	1	29	29	11	38	35	38	26	26	3	20	30	31	31	0	22	30	37	12	22	13	29	17	32	36	29	16	51	10	29	22	44	31
268	28 Nov 19	16:20:00	50	0	1	0	Ct	0	0	0	0	0	0	0	0	0	0	0	0	0	0	0	0	0	0	0	0	0	0	0	0	0	0	0	0	0	0	0	0	0	0
564	28 Nov 19	16:20:00	1	0	1	0	MT	0	1	17	7	2	11	0	27	9	8	15	11	0	10	15	0	10	9	11	4	15	10	11	7	10	6	2	7	10	2	12	4	17	5
564	28 Nov 19	16:20:00	1	0	1	0	CT	0	1	25	11	26	32	0	64	18	24	36	37	0	31	37	0	26	41	27	10	27	50	32	12	37	36	65	29	24	10	25	12	31	30
269	28 Nov 19	16:25:00	50	0	1	0	Ct	0	0	0	0	0	0	0	0	0	0	0	0	0	0	0	0	0	0	0	0	0	0	0	0	0	0	0	0	0	0	0	0	0	0
565	28 Nov 19	16:25:00	1	0	1	0	MT	0	1	17	8	2	10	0	17	15	16	24	15	0	3	9	0	8	7	16	2	18	7	14	11	9	5	3	3	12	5	4	7	12	8
565	28 Nov 19	16:25:00	1	0	1	0	CT	0	1	26	20	18	22	0	36	27	27	46	32	0	20	23	0	19	38	28	12	34	27	25	27	30	31	34	10	31	31	14	23	25	39
270	28 Nov 19	16:30:00	50	0	1	0	Ct	0	0	0	0	0	0	0	0	0	0	0	0	0	0	0	0	0	0	0	0	0	0	0	0	0	0	0	0	0	0	0	0	0	0
566	28 Nov 19	16:30:00	1	0	1	0	MT	0	1	15	16	2	7	2	20	12	12	23	5	0	12	5	0	6	7	14	10	13	12	13	5	14	6	9	3	9	7	8	4	16	11
566	28 Nov 19	16:30:00	1	0	1	0	CT	0	1	33	28	55	25	8	32	26	24	48	23	1	24	16	4	10	49	36	23	27	29	25	33	31	20	27	10	30	30	15	60	35	44
271	28 Nov 19	16:35:00	50	0	1	0	Ct	0	0	0	0	0	0	0	0	0	0	0	0	0	0	0	0	0	0	0	0	0	0	0	0	0	0	0	0	0	0	0	0	0	0
567	28 Nov 19	16:35:00	1	0	1	0	MT	0	1	23	12	1	10	4	20	10	12	17	12	2	11	12	0	11	2	17	2	17	3	17	10	17	4	6	12	17	9	10	11	16	7
567	28 Nov 19	16:35:00	1	0	1	0	CT	0	1	32	23	32	26	21	38	24	21	30	21	14	18	39	6	31	71	38	22	41	15	31	38	39	26	15	26	37	24	36	31	30	59
272	28 Nov 19	16:40:00	50	0	1	0	Ct	0	0	0	0	0	0	0	0	0	0	0	0	0	0	0	0	0	0	0	0	0	0	0	0	0	0	0	0	0	0	0	0	0	0
568	28 Nov 19	16:40:00	1	0	1	0	MT	0	1	18	6	0	5	8	28	11	15	2	18	3	7	14	0	8	12	15	4	18	5	14	9	12	1	0	15	9	5	17	8	15	11
568	28 Nov 19	16:40:00	1	0	1	0	CT	0	1	31	27	0	21	35	50	26	23	11	36	58	21	36	0	23	40	24	8	30	20	31	18	51	3	15	33	30	16	33	40	33	40
273	28 Nov 19	16:45:00	50	0	1	0	Ct	0	0	0	0	0	0	0	0	0	0	0	0	0	0	0	0	0	0	0	0	0	0	0	0	0	0	0	0	0	0	0	0	0	0
569	28 Nov 19	16:45:00	1	0	1	0	MT	0	1	16	18	0	11	4	12	8	12	16	6	0	15	12	0	8	13	9	0	15	3	15	2	10	6	6	15	6	10	5	14	13	11
569	28 Nov 19	16:45:00	1	0	1	0	CT	0	1	21	28	20	48	41	43	19	28	87	13	63	39	27	0	21	37	23	0	33	56	26	15	32	19	29	30	25	27	13	38	35	45
274	28 Nov 19	16:50:00	50	0	1	0	Ct	0	0	0	0	0	0	0	0	0	0	0	0	0	0	0	0	0	0	0	0	0	0	0	0	0	0	0	0	0	0	0	0	0	0
570	28 Nov 19	16:50:00	1	0	1	0	MT	0	1	12	17	4	12	6	16	13	13	24	27	5	15	12	0	6	14	16	2	14	6	14	12	9	11	9	10	15	8	11	0	15	4
570	28 Nov 19	16:50:00	1	0	1	0	CT	0	1	24	32	42	23	30	26	33	29	49	43	48	30	30	0	38	48	39	8	34	24	29	33	41	32	31	22	37	21	29	0	32	33
275	28 Nov 19	16:55:00	50	0	1	0	Ct	0	0	0	0	0	0	0	0	0	0	0	0	0	0	0	0	0	0	0	0	0	0	0	0	0	0	0	0	0	0	0	0	0	0
571	28 Nov 19	16:55:00	1	0	1	0	MT	0	1	13	14	4	13	6	22	17	12	24	24	8	12	9	0	9	8	11	5	20	5	9	11	9	6	2	8	18	4	15	0	11	7
571	28 Nov 19	16:55:00	1	0	1	0	CT	0	1	26	26	30	44	24	54	34	22	32	40	21	30	29	0	17	41	50	72	39	20	30	25	48	26	16	20	47	32	33	9	33	35
276	28 Nov 19	17:00:00	50	0	1	0	Ct	0	0	0	0	0	0	0	0	0	0	0	0	0	0	0	0	0	0	0	0	0	0	0	0	0	0	0	0	0	0	0	0	0	0
572	28 Nov 19	17:00:00	1	0	1	0	MT	0	1	18	13	4	8	4	20	15	10	24	15	5	15	17	0	9	10	15	12	18	3	12	14	8	7	7	4	18	8	4	6	12	9
572	28 Nov 19	17:00:00	1	0	1	0	CT	0	1	27	38	25	27	13	41	28	22	43	23	26	23	29	0	24	32	31	20	37	12	32	26	29	32	44	23	48	17	11	25	27	34
277	28 Nov 19	17:05:00	50	0	1	0	Ct	0	0	0	0	0	0	0	0	0	0	0	0	0	0	0	0	0	0	0	0	0	0	0	0	0	0	0	0	0	0	0	0	0	0
573	28 Nov 19	17:05:00	1	0	1	0	MT	0	1	31	18	2	12	6	26	18	14	26	23	3	10	15	1	0	13	13	11	15	3	17	15	9	12	1	10	17	6	9	7	18	8
573	28 Nov 19	17:05:00	1	0	1	0	CT	0	1	44	28	21	34	19	56	31	26	43	43	22	34	31	12	29	39	28	25	43	19	35	28	33	40	46	18	51	15	23	30	41	54
278	28 Nov 19	17:10:00	50	0	1	0	Ct	0	0	0	0	0	0	0	0	0	0	0	0	0	0	0	0	0	0	0	0	0	0	0	0	0	0	0	0	0	0	0	0	0	0
574	28 Nov 19	17:10:00	1	0	1	0	MT	0	1	25	14	1	9	4	29	13	10	21	26	0	12	7	2	6	14	13	15	12	6	7	12	7	9	7	6	14	10	14	7	15	12
574	28 Nov 19	17:10:00	1	0	1	0	CT	0	1	35	35	27	22	18	47	20	22	38	57	7	21	21	22	27	34	28	40	38	20	22	28	30	78	26	13	43	24	28	26	28	51
279	28 Nov 19	17:15:00	50	0	1	0	Ct	0	0	0	0	0	0	0	0	0	0	0	0	0	0	0	0	0	0	0	0	0	0	0	0	0	0	0	0	0	0	0	0	0	0
575	28 Nov 19	17:15:00	1	0	1	0	MT	0	1	21	10	2	13	3	22	18	12	28	19	0	13	18	3	6	14	7	14	20	1	10	12	12	9	2	12	10	11	10	15	16	9
575	28 Nov 19	17:15:00	1	0	1	0	CT	0	1	36	17	17	43	13	49	29	29	49	31	0	25	34	3	18	38	25	41	36	2	24	31	34	36	14	19	37	20	20	36	38	39
280	28 Nov 19	17:20:00	50	0	1	0	Ct	0	0	0	0	0	0	0	0	0	0	0	0	0	0	0	0	0	0	0	0	0	0	0	0	0	0	0	0	0	0	0	0	0	0
576	28 Nov 19	17:20:00	1	0	1	0	MT	0	1	17	16	3	10	5	17	14	13	30	17	0	13	16	0	12	9	7	17	14	8	11	12	12	5	7	8	12	10	9	10	12	11
576	28 Nov 19	17:20:00	1	0	1	0	CT	0	1	28	30	45	44	29	35	45	29	47	33	0	27	35	0	24	39	32	39	31	35	25	27	28	43	34	19	24	23	19	27	23	57
281	28 Nov 19	17:25:00	50	0	1	0	Ct	0	0	0	0	0	0	0	0	0	0	0	0	0	0	0	0	0	0	0	0	0	0	0	0	0	0	0	0	0	0	0	0	0	0
577	28 Nov 19	17:25:00	1	0	1	0	MT	0	1	18	16	3	7	7	13	6	14	28	16	0	13	14	0	11	10	14	15	16	5	16	6	15	7	12	8	14	6	8	9	17	9
577	28 Nov 19	17:25:00	1	0	1	0	CT	0	1	28	33	19	24	28	30	9	26	45	29	0	32	42	0	26	46	21	34	42	23	32	15	42	28	52	19	38	9	18	29	32	43
282	28 Nov 19	17:30:00	50	0	1	0	Ct	0	0	0	0	0	0	0	0	0	0	0	0	0	0	0	0	0	0	0	0	0	0	0	0	0	0	0	0	0	0	0	0	0	0
578	28 Nov 19	17:30:00	1	0	1	0	MT	0	1	21	19	0	17	8	24	8	9	19	25	0	12	14	0	7	14	9	20	17	7	21	11	9	4	9	8	14	9	4	15	16	7
578	28 Nov 19	17:30:00	1	0	1	0	CT	0	1	31	31	20	35	27	34	15	29	34	47	0	36	30	8	17	43	22	44	32	33	40	33	42	27	45	14	36	20	29	38	38	22
283	28 Nov 19	17:35:00	50	0	1	0	Ct	0	0	0	0	0	0	0	0	0	0	0	0	0	0	0	0	0	0	0	0	0	0	0	0	0	0	0	0	0	0	0	0	0	0
579	28 Nov 19	17:35:00	1	0	1	0	MT	0	1	23	16	2	12	5	21	17	12	26	27	0	15	16	0	8	12	11	18	17	3	18	15	9	8	7	13	11	9	16	12	18	8
579	28 Nov 19	17:35:00	1	0	1	0	CT	0	1	35	28	12	64	26	41	29	16	43	49	0	44	41	6	15	31	27	35	31	7	30	40	33	34	30	21	32	18	52	34	36	29
284	28 Nov 19	17:40:00	50	0	1	0	Ct	0	0	0	0	0	0	0	0	0	0	0	0	0	0	0	0	0	0	0	0	0	0	0	0	0	0	0	0	0	0	0	0	0	0
580	28 Nov 19	17:40:00	1	0	1	0	MT	0	1	24	24	4	12	6	23	15	15	26	12	0	13	12	0	13	15	15	17	21	7	15	14	14	6	6	5	15	10	10	11	13	9
580	28 Nov 19	17:40:00	1	0	1	0	CT	0	1	34	38	25	27	25	34	32	34	45	27	0	33	26	16	26	40	39	29	41	32	29	32	53	21	22	31	28	43	16	27	40	35
285	28 Nov 19	17:45:00	50	0	1	0	Ct	0	0	0	0	0	0	0	0	0	0	0	0	0	0	0	0	0	0	0	0	0	0	0	0	0	0	0	0	0	0	0	0	0	0
581	28 Nov 19	17:45:00	1	0	1	0	MT	0	1	26	20	3	12	9	16	19	9	30	22	0	8	17	5	5	15	12	18	10	8	18	11	9	6	10	7	11	11	7	13	12	10
581	28 Nov 19	17:45:00	1	0	1	0	CT	0	1	39	34	12	36	34	43	33	27	50	39	0	19	43	21	19	52	32	32	35	29	30	28	37	22	40	58	32	27	20	27	27	44
286	28 Nov 19	17:50:00	50	0	1	0	Ct	0	0	0	0	0	0	0	0	0	0	0	0	0	0	0	0	0	0	0	0	0	0	0	0	0	0	0	0	0	0	0	0	0	0
582	28 Nov 19	17:50:00	1	0	1	0	MT	0	1	17	20	2	12	9	29	18	4	27	24	0	17	13	8	9	18	17	20	14	9	21	0	8	6	8	9	11	9	18	12	16	14
582	28 Nov 19	17:50:00	1	0	1	0	CT	0	1	27	41	18	33	40	54	28	10	49	37	0	36	32	33	23	61	31	50	30	21	34	9	57	25	27	16	32	30	34	30	36	48
287	28 Nov 19	17:55:00	50	0	1	0	Ct	0	0	0	0	0	0	0	0	0	0	0	0	0	0	0	0	0	0	0	0	0	0	0	0	0	0	0	0	0	0	0	0	0	0
583	28 Nov 19	17:55:00	1	0	1	0	MT	0	1	27	17	4	12	7	27	16	7	30	29	0	9	13	10	10	18	13	24	19	6	18	11	11	9	10	9	13	13	20	9	12	8
583	28 Nov 19	17:55:00	1	0	1	0	CT	0	1	38	31	26	34	27	53	25	20	45	55	4	46	34	21	26	46	37	41	48	26	29	48	39	31	30	20	38	31	39	30	29	36
288	28 Nov 19	18:00:00	50	0	1	0	Ct	0	0	0	0	0	0	0	0	0	0	0	0	0	0	0	0	0	0	0	0	0	0	0	0	0	0	0	0	0	0	0	0	0	0
584	28 Nov 19	18:00:00	1	0	1	0	MT	0	1	20	20	0	11	4	35	15	15	24	19	0	16	11	11	11	15	9	25	21	10	18	8	9	13	13	11	5	13	17	12	12	6
584	28 Nov 19	18:00:00	1	0	1	0	CT	0	1	40	37	27	26	34	52	50	34	38	46	22	38	27	55	32	32	53	37	32	36	33	31	36	41	39	27	15	22	31	32	27	23
289	28 Nov 19	18:05:00	50	0	1	0	Ct	0	0	0	0	0	0	0	0	0	0	0	0	0	0	0	0	0	0	0	0	0	0	0	0	0	0	0	0	0	0	0	0	0	0
585	28 Nov 19	18:05:00	1	0	1	0	MT	0	1	25	21	4	12	8	24	16	9	31	14	3	15	17	11	12	17	19	17	22	9	12	12	14	8	8	13	8	13	12	6	19	6
585	28 Nov 19	18:05:00	1	0	1	0	CT	0	1	40	29	39	26	34	37	29	20	59	37	7	30	48	33	31	41	38	33	45	26	28	42	37	44	72	24	30	33	27	33	43	26
290	28 Nov 19	18:10:00	50	0	1	0	Ct	0	0	0	0	0	0	0	0	0	0	0	0	0	0	0	0	0	0	0	0	0	0	0	0	0	0	0	0	0	0	0	0	0	0
586	28 Nov 19	18:10:00	1	0	1	0	MT	0	1	25	19	5	17	4	30	14	10	26	26	3	5	18	12	12	15	13	23	8	12	13	18	11	10	8	18	4	9	7	9	13	5
586	28 Nov 19	18:10:00	1	0	1	0	CT	0	1	47	28	52	34	15	46	27	23	40	54	9	30	40	24	26	50	24	35	19	56	28	33	36	33	19	29	35	31	10	46	25	36
291	28 Nov 19	18:15:00	50	0	1	0	Ct	0	0	0	0	0	0	0	0	0	0	0	0	0	0	0	0	0	0	0	0	0	0	0	0	0	0	0	0	0	0	0	0	0	0
587	28 Nov 19	18:15:00	1	0	1	0	MT	0	1	23	18	5	9	6	31	16	9	25	28	0	19	20	11	15	13	15	23	11	10	21	26	11	3	7	15	17	13	11	8	17	8
587	28 Nov 19	18:15:00	1	0	1	0	CT	0	1	48	35	42	42	18	48	36	34	50	54	2	37	40	18	32	29	37	42	20	32	38	50	37	24	30	28	36	26	29	24	33	33
292	28 Nov 19	18:20:00	50	0	1	0	Ct	0	0	0	0	0	0	0	0	0	0	0	0	0	0	0	0	0	0	0	0	0	0	0	0	0	0	0	0	0	0	0	0	0	0
588	28 Nov 19	18:20:00	1	0	1	0	MT	0	1	19	21	1	10	7	21	21	9	24	26	0	15	19	6	6	12	17	25	19	9	14	19	8	9	10	9	5	15	14	9	18	7
588	28 Nov 19	18:20:00	1	0	1	0	CT	0	1	28	34	6	28	27	30	34	28	41	51	2	33	39	15	14	62	36	49	31	31	28	50	32	33	38	18	19	32	55	24	37	38
293	28 Nov 19	18:25:00	50	0	1	0	Ct	0	0	0	0	0	0	0	0	0	0	0	0	0	0	0	0	0	0	0	0	0	0	0	0	0	0	0	0	0	0	0	0	0	0
589	28 Nov 19	18:25:00	1	0	1	0	MT	0	1	18	17	3	12	3	21	18	12	26	33	0	9	16	5	9	10	21	24	23	3	12	16	8	7	5	18	0	16	18	12	19	11
589	28 Nov 19	18:25:00	1	0	1	0	CT	0	1	38	26	18	25	34	35	33	24	36	61	3	40	37	11	35	33	34	47	49	24	28	32	27	59	24	29	0	32	45	33	33	45
294	28 Nov 19	18:30:00	50	0	1	0	Ct	0	0	0	0	0	0	0	0	0	0	0	0	0	0	0	0	0	0	0	0	0	0	0	0	0	0	0	0	0	0	0	0	0	0
590	28 Nov 19	18:30:00	1	0	1	0	MT	0	1	23	19	2	11	6	27	19	10	26	25	3	20	18	17	8	15	33	27	19	5	13	13	12	11	10	13	12	8	10	10	13	12
590	28 Nov 19	18:30:00	1	0	1	0	CT	0	1	37	34	18	34	35	40	34	22	65	44	11	51	40	36	25	48	56	44	43	37	35	24	49	41	43	26	48	15	42	28	33	40
