1	26 Nov 19	17:25:00	24	0	1	0	Ct	0	0	0	0	0	0	0	0	0	0	0	0	0	0	0	0	0	0	0	0	0	0	0	0	0	0	0	0	0	0	0	0	0	0
2	26 Nov 19	17:30:00	1	0	1	0	MT	0	1	5	0	0	4	6	13	14	10	15	10	12	16	3	18	35	15	26	23	18	25	2	10	29	20	23	38	34	47	27	36	12	28
2	26 Nov 19	17:30:00	1	0	1	0	CT	0	1	11	0	0	20	23	24	56	32	22	17	22	45	5	38	61	34	44	49	32	48	9	35	43	41	45	56	55	79	73	51	52	46
3	26 Nov 19	17:35:00	1	0	1	0	MT	0	1	2	0	0	18	6	16	9	16	12	8	18	13	1	18	22	13	20	24	24	27	7	9	36	24	20	25	36	44	25	24	4	25
3	26 Nov 19	17:35:00	1	0	1	0	CT	0	1	7	0	0	56	25	36	35	26	10	22	42	48	66	41	35	38	41	46	53	38	27	26	57	55	35	38	53	70	67	42	49	42
4	26 Nov 19	17:40:00	1	0	1	0	MT	0	1	0	0	0	15	9	8	14	7	11	24	18	15	2	21	8	21	13	15	19	31	5	15	24	29	22	34	33	32	26	21	10	23
4	26 Nov 19	17:40:00	1	0	1	0	CT	0	1	3	0	0	33	23	38	35	18	11	38	36	56	4	41	27	40	26	34	43	69	18	34	41	66	38	52	47	47	45	35	62	39
5	26 Nov 19	17:45:00	1	0	1	0	MT	0	1	3	0	0	23	6	6	10	22	11	3	12	15	0	26	23	21	18	19	14	27	5	11	33	31	15	28	27	35	30	19	4	23
5	26 Nov 19	17:45:00	1	0	1	0	CT	0	1	9	0	0	54	33	26	23	35	14	28	32	38	4	51	52	43	43	33	22	53	22	35	55	68	27	44	50	49	52	34	51	45
6	26 Nov 19	17:50:00	1	0	1	0	MT	0	1	3	0	0	10	8	4	9	19	6	4	21	11	2	21	20	17	15	20	18	18	1	6	25	24	31	29	42	27	32	12	6	27
6	26 Nov 19	17:50:00	1	0	1	0	CT	0	1	10	0	0	39	26	13	53	29	12	6	38	38	10	35	56	29	28	79	41	41	7	19	38	45	47	44	60	39	59	47	47	59
7	26 Nov 19	17:55:00	1	0	1	0	MT	0	1	2	0	0	11	11	3	15	9	18	25	12	13	8	20	23	14	2	19	21	21	8	5	25	24	26	21	30	42	40	9	5	20
7	26 Nov 19	17:55:00	1	0	1	0	CT	0	1	37	1	0	42	21	6	37	24	26	38	34	36	18	39	63	28	65	35	48	32	19	18	41	56	39	42	45	67	81	45	39	68
8	26 Nov 19	18:00:00	1	0	1	0	MT	0	1	0	0	0	21	6	8	17	17	15	15	21	18	3	18	25	17	0	23	27	12	10	1	28	30	15	20	34	39	34	24	6	15
8	26 Nov 19	18:00:00	1	0	1	0	CT	0	1	1	0	0	34	12	34	52	35	21	26	60	36	10	31	54	34	3	41	49	31	22	2	44	60	80	38	53	67	57	53	41	32
9	26 Nov 19	18:05:00	1	0	1	0	MT	0	1	0	0	0	18	5	2	11	41	14	15	16	15	3	15	14	28	1	16	28	12	12	0	18	26	16	11	36	27	29	19	4	14
9	26 Nov 19	18:05:00	1	0	1	0	CT	0	1	0	0	0	31	24	3	36	66	22	50	40	31	18	37	40	48	1	28	46	31	28	0	33	48	27	18	51	45	55	33	47	28
10	26 Nov 19	18:10:00	1	0	1	0	MT	0	1	0	0	0	6	11	0	6	23	18	0	7	8	0	6	3	21	18	22	22	9	8	1	22	31	18	23	38	36	23	23	5	15
10	26 Nov 19	18:10:00	1	0	1	0	CT	0	1	0	0	0	35	21	0	16	44	28	0	17	25	30	50	6	37	37	42	38	26	37	4	42	58	29	34	66	58	50	41	33	32
11	26 Nov 19	18:15:00	1	0	1	0	MT	0	1	0	0	0	21	5	0	6	20	23	0	4	8	0	16	0	20	7	18	27	15	6	3	23	18	9	12	30	24	29	8	2	10
11	26 Nov 19	18:15:00	1	0	1	0	CT	0	1	0	0	0	34	11	0	70	36	28	0	11	61	0	41	3	44	27	38	56	30	18	11	52	32	17	35	52	38	52	19	49	27
12	26 Nov 19	18:20:00	1	0	1	0	MT	0	1	0	0	0	35	8	0	11	18	15	0	15	8	2	22	0	19	11	19	24	25	4	0	22	27	11	20	27	33	23	8	5	13
12	26 Nov 19	18:20:00	1	0	1	0	CT	0	1	2	0	0	63	27	0	37	37	20	0	38	17	3	60	5	41	31	38	43	49	32	6	41	52	17	40	40	59	56	30	28	19
13	26 Nov 19	18:25:00	1	0	1	0	MT	0	1	0	0	0	17	5	0	13	20	12	1	10	5	5	11	0	18	4	18	23	7	10	0	22	18	7	33	42	29	20	8	9	10
13	26 Nov 19	18:25:00	1	0	1	0	CT	0	1	0	0	0	48	16	0	32	32	20	3	44	27	10	35	0	48	10	35	43	21	23	0	36	35	15	56	61	56	38	33	64	21
14	26 Nov 19	18:30:00	1	0	1	0	MT	0	1	1	0	0	15	4	0	12	16	20	5	10	20	12	25	11	24	21	21	24	26	14	2	21	15	19	33	36	26	26	18	8	15
14	26 Nov 19	18:30:00	1	0	1	0	CT	0	1	18	0	0	32	33	0	35	34	27	21	27	65	20	54	24	51	32	47	52	47	25	5	38	33	53	52	56	43	52	35	48	30
15	26 Nov 19	18:35:00	1	0	1	0	MT	0	0	6	0	0	20	2	10	12	21	23	25	22	37	10	38	10	18	29	31	28	28	12	8	24	20	23	35	22	20	24	24	9	20
15	26 Nov 19	18:35:00	1	0	1	0	CT	0	0	19	0	0	36	24	24	36	45	36	42	50	68	21	61	52	42	43	51	50	49	30	27	39	48	38	45	42	42	49	38	74	50
16	26 Nov 19	18:40:00	1	0	1	0	MT	0	0	9	0	0	26	3	22	8	22	29	19	8	29	11	33	7	20	22	17	34	26	17	13	33	14	19	30	29	15	19	14	5	19
16	26 Nov 19	18:40:00	1	0	1	0	CT	0	0	36	0	0	40	22	44	44	35	39	41	44	45	48	64	15	48	40	50	57	50	34	38	59	32	38	47	52	33	53	35	40	42
17	26 Nov 19	18:45:00	1	0	1	0	MT	0	0	9	0	0	22	6	8	18	17	22	16	12	35	9	25	5	13	18	24	26	24	10	7	39	17	12	27	27	24	22	18	7	18
17	26 Nov 19	18:45:00	1	0	1	0	CT	0	0	29	0	0	44	28	26	43	34	33	46	40	55	26	44	19	30	35	55	39	49	34	17	56	41	31	47	47	51	47	33	62	52
18	26 Nov 19	18:50:00	1	0	1	0	MT	0	0	5	0	0	16	2	5	16	18	17	19	22	24	12	17	1	13	22	13	33	20	17	6	30	14	14	30	33	21	25	17	9	29
18	26 Nov 19	18:50:00	1	0	1	0	CT	0	0	39	0	0	35	53	25	44	34	23	40	43	44	25	49	21	41	43	47	55	43	33	26	45	52	32	41	52	41	50	37	59	53
19	26 Nov 19	18:55:00	1	0	1	0	MT	0	0	11	0	0	19	5	15	16	16	21	20	2	21	13	19	1	15	18	20	39	17	13	15	26	16	18	26	35	21	20	15	14	30
19	26 Nov 19	18:55:00	1	0	1	0	CT	0	0	48	0	0	58	23	54	47	27	21	40	11	43	26	34	5	32	38	36	56	33	28	43	42	48	32	50	56	39	48	25	60	55
20	26 Nov 19	19:00:00	1	0	1	0	MT	0	0	7	0	0	25	3	16	12	18	23	18	9	15	9	8	3	18	27	11	46	23	18	14	16	15	12	33	34	14	24	13	8	21
20	26 Nov 19	19:00:00	1	0	1	0	CT	0	0	22	0	0	38	22	35	30	35	19	31	34	27	19	17	28	38	47	22	77	42	32	31	32	31	30	58	51	23	63	21	44	45
21	26 Nov 19	19:05:00	1	0	1	0	MT	0	0	2	1	0	12	6	11	16	16	13	15	2	18	15	24	10	19	17	22	41	16	12	17	17	12	12	33	27	16	25	21	4	18
21	26 Nov 19	19:05:00	1	0	1	0	CT	0	0	7	1	0	27	22	32	40	33	14	26	10	26	25	58	28	49	52	42	62	42	23	36	30	40	25	56	45	37	61	50	35	35
22	26 Nov 19	19:10:00	1	0	1	0	MT	0	0	0	0	0	7	6	15	13	6	31	18	2	24	14	19	5	24	21	18	27	25	15	20	21	18	9	31	35	18	22	15	2	12
22	26 Nov 19	19:10:00	1	0	1	0	CT	0	0	0	7	0	23	34	38	48	26	39	37	11	42	28	43	15	42	37	71	47	47	29	47	33	36	15	50	52	35	53	24	29	40
23	26 Nov 19	19:15:00	1	0	1	0	MT	0	0	4	0	0	24	2	6	18	20	25	14	7	15	16	14	0	13	22	21	22	10	11	8	15	12	12	19	23	12	21	20	2	12
23	26 Nov 19	19:15:00	1	0	1	0	CT	0	0	31	1	0	43	19	28	44	46	33	26	21	38	31	38	0	23	36	45	40	24	33	27	30	39	24	44	37	30	42	37	14	38
24	26 Nov 19	19:20:00	1	0	1	0	MT	0	0	4	0	0	15	2	4	10	15	12	17	2	21	14	9	1	15	21	18	27	18	8	12	6	12	10	15	30	9	23	13	4	16
24	26 Nov 19	19:20:00	1	0	1	0	CT	0	0	34	0	0	32	25	32	38	31	16	42	14	48	29	22	5	29	37	56	48	42	28	25	13	32	21	33	54	17	43	22	39	48
25	26 Nov 19	19:25:00	1	0	1	0	MT	0	0	5	0	0	17	3	5	11	12	18	9	4	23	13	10	0	18	17	17	22	18	11	6	15	9	11	24	31	19	27	12	3	10
25	26 Nov 19	19:25:00	1	0	1	0	CT	0	0	20	0	0	28	23	23	39	24	24	36	8	35	35	29	7	42	31	41	34	42	35	28	25	26	30	48	45	40	62	25	21	29
26	26 Nov 19	19:30:00	1	0	1	0	MT	0	0	7	0	0	12	5	10	14	6	23	21	6	18	9	9	3	12	27	15	27	20	8	2	18	9	6	21	28	18	23	19	7	11
26	26 Nov 19	19:30:00	1	0	1	0	CT	0	0	17	0	0	34	29	35	35	21	27	37	17	28	17	35	18	28	46	43	43	57	25	14	36	26	19	35	49	39	42	37	31	26
27	26 Nov 19	19:35:00	1	0	1	0	MT	0	0	10	0	0	10	1	6	12	7	19	13	15	13	13	7	1	21	23	12	22	16	13	10	21	11	13	30	30	15	24	12	3	11
27	26 Nov 19	19:35:00	1	0	1	0	CT	0	0	33	0	0	22	10	22	41	20	28	22	39	23	28	32	16	38	47	36	43	28	39	40	40	37	29	41	42	29	56	24	40	35
28	26 Nov 19	19:40:00	1	0	1	0	MT	0	0	3	0	0	15	4	8	16	13	23	14	7	18	8	9	0	23	13	16	24	17	10	8	14	9	11	21	21	0	22	9	3	10
28	26 Nov 19	19:40:00	1	0	1	0	CT	0	0	38	0	0	43	14	27	30	29	32	29	71	30	17	29	0	56	30	48	52	42	33	34	32	36	24	31	39	0	46	29	24	43
29	26 Nov 19	19:45:00	1	0	1	0	MT	0	0	3	0	0	12	4	8	23	13	25	17	9	18	10	15	1	22	18	14	20	18	12	17	15	14	12	21	20	16	22	16	2	18
29	26 Nov 19	19:45:00	1	0	1	0	CT	0	0	28	0	0	44	26	22	42	28	35	33	22	37	20	41	14	38	30	40	41	35	24	54	40	33	24	31	31	32	62	36	29	56
30	26 Nov 19	19:50:00	1	0	1	0	MT	0	0	5	0	0	18	3	13	15	27	19	13	5	12	9	7	0	22	23	34	28	29	15	5	6	15	11	27	33	11	11	15	7	21
30	26 Nov 19	19:50:00	1	0	1	0	CT	0	0	15	0	0	32	13	50	34	51	29	31	17	25	16	21	2	40	38	58	44	47	35	62	16	27	29	42	46	26	42	28	46	46
31	26 Nov 19	19:55:00	1	0	1	0	MT	0	0	1	0	0	2	1	9	8	13	17	12	14	9	10	0	0	14	23	29	29	30	11	1	0	15	13	33	41	26	24	17	5	13
31	26 Nov 19	19:55:00	1	0	1	0	CT	0	0	18	0	0	13	12	29	21	21	27	20	42	16	28	0	0	42	37	51	43	55	24	16	9	30	34	49	61	60	36	27	23	40
32	26 Nov 19	20:00:00	1	0	1	0	MT	0	0	7	0	0	6	3	9	0	11	17	4	12	9	12	3	10	29	14	27	27	22	10	0	0	15	15	36	37	23	30	10	7	19
32	26 Nov 19	20:00:00	1	0	1	0	CT	0	0	28	0	0	27	23	24	0	29	18	15	39	15	28	4	73	55	25	47	45	56	34	2	0	33	29	48	51	34	51	33	32	47
33	26 Nov 19	20:05:00	1	0	1	0	MT	0	0	4	0	0	20	4	3	0	31	19	8	12	0	11	0	2	17	26	27	39	16	9	0	1	12	9	30	36	16	30	18	8	15
33	26 Nov 19	20:05:00	1	0	1	0	CT	0	0	38	0	0	33	23	21	0	49	19	12	44	0	22	1	3	45	43	54	60	38	18	0	4	29	21	41	56	37	50	35	42	25
34	26 Nov 19	20:10:00	1	0	1	0	MT	0	0	0	0	0	24	3	0	0	22	29	3	12	0	9	2	0	12	18	21	43	6	6	0	1	8	8	37	31	8	33	13	7	24
34	26 Nov 19	20:10:00	1	0	1	0	CT	0	0	0	0	0	47	16	1	0	40	42	6	33	0	23	8	0	35	31	47	67	11	11	0	3	25	18	55	49	19	48	25	36	53
35	26 Nov 19	20:15:00	1	0	1	0	MT	0	0	0	0	0	10	0	0	0	23	28	2	5	5	12	14	0	19	14	21	27	0	0	0	0	16	12	37	23	16	27	12	6	23
35	26 Nov 19	20:15:00	1	0	1	0	CT	0	0	5	0	0	42	7	0	10	36	38	4	17	21	30	30	0	33	21	40	48	0	0	0	2	30	24	54	41	25	51	21	42	54
36	26 Nov 19	20:20:00	1	0	1	0	MT	0	0	0	0	0	20	0	0	6	19	29	0	0	9	9	29	0	15	0	31	30	0	0	0	0	12	3	35	19	0	21	17	4	15
36	26 Nov 19	20:20:00	1	0	1	0	CT	0	0	43	0	0	34	8	0	31	39	36	0	8	16	21	45	0	52	0	56	51	0	0	0	0	31	7	53	26	7	44	36	25	29
37	26 Nov 19	20:25:00	1	0	1	0	MT	0	0	0	0	0	22	2	0	17	12	19	0	0	0	8	15	4	16	0	20	29	0	0	0	0	15	2	30	27	8	23	12	7	13
37	26 Nov 19	20:25:00	1	0	1	0	CT	0	0	12	0	0	50	27	0	44	37	29	0	0	0	18	48	28	39	0	35	52	0	0	0	12	45	22	55	36	18	40	38	37	37
38	26 Nov 19	20:30:00	1	0	1	0	MT	0	0	0	0	0	16	2	0	11	15	21	0	0	0	12	2	0	17	0	22	25	0	0	0	0	5	11	24	11	29	24	6	5	16
38	26 Nov 19	20:30:00	1	0	1	0	CT	0	0	5	0	0	37	8	0	55	32	30	0	0	3	26	5	0	32	0	42	42	5	0	0	27	23	20	35	20	47	41	10	20	36
39	26 Nov 19	20:35:00	1	0	1	0	MT	0	0	0	0	0	13	1	0	2	20	14	0	3	0	10	0	0	26	0	12	32	17	0	0	10	4	3	21	0	27	24	12	12	13
39	26 Nov 19	20:35:00	1	0	1	0	CT	0	0	0	0	0	23	15	0	2	40	19	0	12	2	20	0	0	47	0	75	57	30	0	0	34	8	8	58	0	38	41	25	43	58
40	26 Nov 19	20:40:00	1	0	1	0	MT	0	0	0	0	0	12	0	0	0	11	19	0	1	0	12	0	1	16	0	20	21	18	0	0	0	9	0	30	0	27	27	18	3	10
40	26 Nov 19	20:40:00	1	0	1	0	CT	0	0	1	0	0	20	0	0	5	28	30	0	4	2	27	0	13	29	0	41	39	38	0	0	2	28	0	41	0	44	50	30	17	23
41	26 Nov 19	20:45:00	1	0	1	0	MT	0	0	0	0	0	8	0	0	0	16	19	0	5	9	12	0	0	18	0	31	9	11	0	0	1	0	0	4	0	18	18	1	1	11
41	26 Nov 19	20:45:00	1	0	1	0	CT	0	0	0	0	0	33	0	0	0	38	28	0	44	31	23	0	2	41	0	55	17	40	0	0	1	1	0	9	0	29	30	2	16	37
42	26 Nov 19	20:50:00	1	0	1	0	MT	0	0	0	0	0	8	0	0	0	18	27	0	3	17	15	0	0	14	0	1	0	6	0	0	0	8	0	1	0	24	24	0	11	14
42	26 Nov 19	20:50:00	1	0	1	0	CT	0	0	0	0	0	24	0	0	0	45	33	0	27	28	25	0	6	31	0	10	0	23	0	0	0	16	0	1	0	34	47	0	56	39
43	26 Nov 19	20:55:00	1	0	1	0	MT	0	0	0	0	0	6	0	0	0	2	19	0	3	6	15	1	0	17	0	5	0	0	0	0	0	14	0	0	0	9	15	0	9	8
43	26 Nov 19	20:55:00	1	0	1	0	CT	0	0	3	0	0	17	0	0	8	14	30	0	35	9	26	3	1	33	0	10	0	0	0	0	0	39	0	0	0	17	32	0	53	29
44	26 Nov 19	21:00:00	1	0	1	0	MT	0	0	0	0	0	12	0	0	2	14	27	0	0	1	12	0	0	13	0	2	0	0	0	0	0	8	6	0	0	6	20	0	9	20
44	26 Nov 19	21:00:00	1	0	1	0	CT	0	0	1	0	0	22	0	0	15	29	24	0	0	2	26	0	0	28	0	4	0	0	0	0	0	27	25	0	0	14	40	0	40	45
45	26 Nov 19	21:05:00	1	0	1	0	MT	0	0	0	0	0	5	0	0	0	20	22	0	5	2	16	0	0	17	0	3	11	0	0	0	3	4	0	0	0	6	11	5	9	30
45	26 Nov 19	21:05:00	1	0	1	0	CT	0	0	9	0	0	21	0	0	2	31	30	0	19	5	26	0	0	32	0	19	39	0	0	0	20	12	1	0	0	12	25	8	32	63
46	26 Nov 19	21:10:00	1	0	1	0	MT	0	0	0	0	0	10	0	0	0	20	24	0	4	2	10	0	0	8	0	0	2	0	0	0	0	0	0	0	0	24	14	18	4	24
46	26 Nov 19	21:10:00	1	0	1	0	CT	0	0	0	25	0	30	0	0	1	38	34	0	14	11	31	0	0	22	0	0	24	3	0	0	0	0	0	0	0	40	28	26	20	40
47	26 Nov 19	21:15:00	1	0	1	0	MT	0	0	0	0	0	11	0	0	0	18	20	0	7	16	8	0	0	1	0	0	6	18	0	0	0	0	3	0	0	24	20	27	5	14
47	26 Nov 19	21:15:00	1	0	1	0	CT	0	0	0	53	0	31	0	0	7	44	26	0	25	25	17	0	0	4	0	0	15	34	0	0	0	0	7	0	0	40	44	42	41	31
48	26 Nov 19	21:20:00	1	0	1	0	MT	0	0	0	0	0	17	0	0	0	14	18	0	3	17	6	0	0	6	0	8	7	7	0	0	0	0	2	0	0	2	12	15	3	13
48	26 Nov 19	21:20:00	1	0	1	0	CT	0	0	1	4	0	38	0	0	16	31	26	0	27	31	15	1	0	12	0	22	20	19	0	0	0	0	9	0	0	5	26	26	14	35
49	26 Nov 19	21:25:00	1	0	1	0	MT	0	0	0	0	0	8	0	0	0	11	15	0	3	0	9	0	0	1	0	9	4	21	0	0	12	0	0	0	0	19	17	14	9	15
49	26 Nov 19	21:25:00	1	0	1	0	CT	0	0	0	0	0	24	0	0	13	23	20	0	17	0	19	0	0	4	0	22	13	49	0	0	47	0	0	0	0	33	31	28	37	46
50	26 Nov 19	21:30:00	1	0	1	0	MT	0	0	0	0	0	9	0	0	4	12	17	0	3	0	7	0	0	2	0	7	0	16	0	0	21	1	5	0	0	24	15	1	11	14
50	26 Nov 19	21:30:00	1	0	1	0	CT	0	0	0	0	0	24	0	0	34	23	19	0	18	0	16	0	0	9	0	15	0	33	0	0	50	4	10	0	0	34	35	44	30	28
51	26 Nov 19	21:35:00	1	0	1	0	MT	0	0	0	0	0	10	0	0	4	11	12	0	0	0	6	0	3	0	0	0	0	0	0	0	13	0	7	0	0	21	10	0	6	27
51	26 Nov 19	21:35:00	1	0	1	0	CT	0	0	0	0	0	28	0	0	24	25	15	0	1	0	11	5	19	0	0	6	0	0	0	0	33	0	44	4	1	38	24	0	25	51
52	26 Nov 19	21:40:00	1	0	1	0	MT	0	0	0	0	0	7	2	0	12	10	8	0	0	0	6	0	0	0	0	0	0	0	0	0	0	0	0	0	0	15	8	0	6	15
52	26 Nov 19	21:40:00	1	0	1	0	CT	0	0	0	6	0	31	15	0	39	24	14	0	0	0	20	0	15	0	0	0	0	0	0	10	0	0	63	63	33	24	14	0	31	35
53	26 Nov 19	21:45:00	1	0	1	0	MT	0	0	0	0	0	7	0	0	14	14	16	0	0	0	9	0	0	1	0	1	0	0	0	0	0	0	0	0	1	15	15	0	6	5
53	26 Nov 19	21:45:00	1	0	1	0	CT	0	0	0	1	0	12	7	0	38	25	19	0	0	3	16	3	9	1	0	4	0	0	0	0	0	0	13	0	54	25	32	0	49	24
54	26 Nov 19	21:50:00	1	0	1	0	MT	0	0	0	0	0	6	0	1	15	12	14	0	3	10	9	0	0	6	0	1	0	0	0	0	0	0	0	0	1	12	1	0	4	21
54	26 Nov 19	21:50:00	1	0	1	0	CT	0	0	0	0	0	29	3	1	48	40	34	0	16	23	24	3	1	16	0	1	0	0	0	0	0	0	16	0	8	24	2	0	36	41
55	26 Nov 19	21:55:00	1	0	1	0	MT	0	0	0	0	0	8	0	0	9	14	0	0	0	0	3	0	0	8	0	0	0	0	0	0	0	0	0	0	0	18	0	0	8	7
55	26 Nov 19	21:55:00	1	0	1	0	CT	0	0	1	0	0	17	0	0	34	29	63	0	0	2	8	0	0	14	0	0	0	3	0	0	0	0	0	0	0	31	0	0	43	24
56	26 Nov 19	22:00:00	1	0	1	0	MT	0	0	0	0	0	3	0	0	11	12	1	0	2	0	5	0	0	9	1	0	0	0	0	0	0	0	0	0	0	13	0	0	6	6
56	26 Nov 19	22:00:00	1	0	1	0	CT	0	0	0	0	0	11	0	0	34	27	2	0	23	0	16	1	0	29	7	0	0	0	0	0	0	0	0	0	0	51	0	0	21	20
57	26 Nov 19	22:05:00	1	0	1	0	MT	0	0	0	0	0	6	0	0	3	9	0	0	8	0	6	0	0	5	0	0	0	0	0	0	0	0	0	0	0	17	0	0	7	12
57	26 Nov 19	22:05:00	1	0	1	0	CT	0	0	1	0	0	21	0	0	18	22	3	0	23	0	9	8	0	16	1	16	0	0	0	0	0	0	6	0	0	27	0	0	29	47
58	26 Nov 19	22:10:00	1	0	1	0	MT	0	0	0	0	0	3	0	0	11	8	0	0	3	0	0	0	0	1	0	0	0	0	0	0	10	0	1	0	0	15	0	0	6	9
58	26 Nov 19	22:10:00	1	0	1	0	CT	0	0	20	0	0	6	0	0	36	18	0	0	27	0	3	0	0	2	3	2	0	0	0	0	37	0	4	0	0	26	0	0	20	26
59	26 Nov 19	22:15:00	1	0	1	0	MT	0	0	0	0	0	0	0	0	17	13	0	0	2	0	0	0	0	4	0	0	1	0	0	0	6	0	0	0	0	12	0	0	7	6
59	26 Nov 19	22:15:00	1	0	1	0	CT	0	0	10	0	0	0	0	0	40	23	0	0	12	0	0	6	0	26	1	0	5	0	0	0	18	0	0	0	0	20	0	0	21	28
60	26 Nov 19	22:20:00	1	0	1	0	MT	0	0	0	0	0	0	0	0	16	15	0	0	6	0	6	0	0	0	0	0	0	0	0	0	6	0	1	0	0	15	0	0	5	8
60	26 Nov 19	22:20:00	1	0	1	0	CT	0	0	0	0	0	0	0	0	49	24	0	0	33	0	18	0	0	0	1	0	0	0	0	0	18	0	2	0	0	25	0	3	29	40
61	26 Nov 19	22:25:00	1	0	1	0	MT	0	0	0	0	0	0	0	0	15	11	0	0	6	0	1	0	0	0	0	0	0	0	0	0	13	0	1	0	0	6	0	0	7	4
61	26 Nov 19	22:25:00	1	0	1	0	CT	0	0	0	0	0	0	0	0	42	32	0	0	41	0	2	0	0	0	0	0	63	0	0	0	37	0	7	0	0	12	0	0	17	22
62	26 Nov 19	22:30:00	1	0	1	0	MT	0	0	0	0	0	0	0	0	7	5	0	0	0	0	0	0	0	0	0	0	0	0	0	0	8	0	9	0	0	6	1	0	6	21
62	26 Nov 19	22:30:00	1	0	1	0	CT	0	0	0	0	0	7	0	0	45	16	0	0	16	12	0	8	0	0	0	0	0	0	0	0	39	0	29	0	0	16	62	0	26	46
63	26 Nov 19	22:35:00	1	0	1	0	MT	0	0	0	0	0	4	0	0	7	8	1	0	0	8	0	0	0	1	0	0	0	0	0	0	10	0	0	0	0	0	0	5	6	9
63	26 Nov 19	22:35:00	1	0	1	0	CT	0	0	0	0	0	8	0	0	29	27	1	1	0	26	0	4	0	2	0	0	0	0	0	0	38	0	0	0	0	3	1	9	32	22
64	26 Nov 19	22:40:00	1	0	1	0	MT	0	0	0	0	0	14	0	0	21	21	0	0	0	6	0	0	0	0	0	0	0	2	0	0	2	0	0	0	0	10	0	0	8	9
64	26 Nov 19	22:40:00	1	0	1	0	CT	0	0	0	0	0	38	0	0	40	51	0	0	0	14	0	0	0	0	0	0	0	17	0	0	39	0	0	0	0	19	0	0	35	26
65	26 Nov 19	22:45:00	1	0	1	0	MT	0	0	0	0	0	10	0	0	10	9	0	0	0	0	0	0	0	0	0	0	0	0	0	0	4	0	0	0	0	8	0	0	7	8
65	26 Nov 19	22:45:00	1	0	1	0	CT	0	0	0	0	0	34	0	0	26	27	0	0	0	3	0	0	0	0	1	0	0	0	0	0	11	0	0	0	0	43	0	0	23	28
66	26 Nov 19	22:50:00	1	0	1	0	MT	0	0	0	0	0	0	0	0	6	8	0	0	5	0	0	0	0	0	0	0	0	0	0	0	11	0	0	0	0	9	0	0	5	7
66	26 Nov 19	22:50:00	1	0	1	0	CT	0	0	0	0	0	1	0	0	45	35	0	0	25	0	0	2	0	0	0	0	0	0	0	0	35	0	0	0	0	13	0	0	21	28
67	26 Nov 19	22:55:00	1	0	1	0	MT	0	0	0	0	0	0	0	0	4	10	0	0	0	0	0	0	0	0	0	0	1	0	0	0	1	0	0	0	0	15	0	0	1	3
67	26 Nov 19	22:55:00	1	0	1	0	CT	0	0	0	0	0	0	0	0	16	20	0	0	0	0	0	1	0	0	0	0	6	0	0	0	15	0	0	0	0	22	63	0	13	6
68	26 Nov 19	23:00:00	1	0	1	0	MT	0	0	0	0	0	0	0	0	9	8	0	0	1	0	3	0	1	0	0	0	0	0	0	0	0	0	0	0	0	14	0	0	8	7
68	26 Nov 19	23:00:00	1	0	1	0	CT	0	0	0	0	0	0	0	0	29	18	3	0	2	0	3	2	7	0	0	0	6	0	0	0	3	0	0	0	0	22	33	28	25	26
69	26 Nov 19	23:05:00	1	0	1	0	MT	0	0	0	0	0	0	0	0	10	13	0	0	0	1	7	0	0	0	0	0	0	4	0	0	7	0	0	0	1	10	0	0	2	5
69	26 Nov 19	23:05:00	1	0	1	0	CT	0	0	0	0	0	0	0	0	42	38	0	0	0	6	19	4	15	0	0	0	0	17	0	0	23	0	0	0	32	18	0	15	13	15
70	26 Nov 19	23:10:00	1	0	1	0	MT	0	0	0	0	0	0	0	0	10	8	0	0	0	5	3	0	0	0	0	0	0	0	0	0	11	0	0	0	1	1	0	0	5	11
70	26 Nov 19	23:10:00	1	0	1	0	CT	0	0	0	0	0	0	0	0	28	18	0	0	2	19	6	3	4	0	0	0	0	0	0	0	33	0	0	0	5	2	0	5	37	46
71	26 Nov 19	23:15:00	1	0	1	0	MT	0	0	0	0	0	0	0	0	9	13	0	0	0	4	0	0	0	0	0	0	0	0	0	0	2	0	0	0	0	1	0	0	1	15
71	26 Nov 19	23:15:00	1	0	1	0	CT	0	0	0	0	0	0	0	0	21	25	0	0	0	15	0	1	0	0	0	0	0	0	0	0	41	0	0	0	0	27	0	2	15	28
72	26 Nov 19	23:20:00	1	0	1	0	MT	0	0	0	0	0	0	0	0	3	15	1	0	0	14	0	0	0	0	0	0	0	0	0	0	0	0	0	0	0	4	0	0	5	7
72	26 Nov 19	23:20:00	1	0	1	0	CT	0	0	0	0	0	0	0	0	17	34	1	0	0	30	0	2	1	1	0	0	1	0	0	0	1	4	0	0	0	31	0	0	9	26
73	26 Nov 19	23:25:00	1	0	1	0	MT	0	0	0	0	0	0	0	0	9	8	0	0	0	2	0	0	0	0	0	0	0	0	0	0	0	14	1	0	0	0	0	0	0	14
73	26 Nov 19	23:25:00	1	0	1	0	CT	0	0	0	0	0	1	0	0	28	23	0	0	0	9	0	1	0	0	0	0	1	0	0	0	1	51	7	0	0	0	0	1	35	41
74	26 Nov 19	23:30:00	1	0	1	0	MT	0	0	0	0	0	0	0	0	8	7	0	0	2	0	0	0	0	0	0	0	2	0	0	0	0	9	0	0	0	0	0	0	7	9
74	26 Nov 19	23:30:00	1	0	1	0	CT	0	0	0	0	0	0	0	0	29	27	0	0	11	0	0	0	0	0	0	0	59	0	0	0	1	32	0	0	0	0	0	0	27	30
75	26 Nov 19	23:35:00	1	0	1	0	MT	0	0	0	1	0	0	0	0	6	7	0	0	2	0	0	0	0	0	0	0	2	0	0	0	1	0	0	0	0	0	0	0	5	10
75	26 Nov 19	23:35:00	1	0	1	0	CT	0	0	0	2	0	0	0	0	13	20	0	0	22	0	0	2	0	1	0	0	7	0	0	0	5	7	0	0	0	0	0	3	13	32
76	26 Nov 19	23:40:00	1	0	1	0	MT	0	0	0	0	0	0	0	0	8	6	0	0	1	0	0	0	0	1	0	0	0	0	0	0	9	0	0	0	0	0	0	0	0	9
76	26 Nov 19	23:40:00	1	0	1	0	CT	0	0	0	0	0	0	0	0	32	11	0	0	33	0	0	5	0	3	3	0	0	0	0	0	33	53	0	0	0	0	0	0	12	26
77	26 Nov 19	23:45:00	1	0	1	0	MT	0	0	0	0	0	0	0	0	10	9	0	0	0	0	0	0	0	1	0	0	0	0	0	0	0	0	2	0	0	0	0	0	1	10
77	26 Nov 19	23:45:00	1	0	1	0	CT	0	0	0	0	0	0	0	0	31	20	0	0	0	0	0	0	0	10	0	0	0	0	0	0	0	2	18	0	0	0	0	0	17	26
78	26 Nov 19	23:50:00	1	0	1	0	MT	0	0	0	0	0	0	0	0	0	9	0	0	2	0	0	0	0	0	0	0	0	0	0	0	0	0	0	0	0	0	0	0	1	11
78	26 Nov 19	23:50:00	1	0	1	0	CT	0	0	0	0	0	0	0	0	2	29	0	0	9	0	0	0	8	13	0	0	0	0	0	0	0	0	2	0	0	0	0	0	21	31
79	26 Nov 19	23:55:00	1	0	1	0	MT	0	0	0	0	0	0	0	0	0	8	0	0	2	0	0	0	0	0	0	0	0	0	0	0	0	0	0	0	0	0	0	0	2	6
79	26 Nov 19	23:55:00	1	0	1	0	CT	0	0	0	0	0	0	0	0	21	36	0	0	5	0	0	2	0	1	0	0	0	0	0	0	0	0	0	0	0	0	0	0	19	21
80	27 Nov 19	00:00:00	1	0	1	0	MT	0	0	0	0	0	0	0	0	0	7	0	0	6	0	0	0	0	0	0	0	0	0	0	0	0	0	0	0	0	0	0	0	6	1
80	27 Nov 19	00:00:00	1	0	1	0	CT	0	0	0	0	0	0	0	0	3	30	0	0	28	0	0	0	0	3	0	0	0	0	0	0	0	5	0	0	0	0	0	0	12	3
81	27 Nov 19	00:05:00	1	0	1	0	MT	0	0	0	0	0	0	0	0	0	11	0	0	4	0	0	0	0	0	0	0	0	0	0	0	0	0	0	0	0	2	0	0	5	8
81	27 Nov 19	00:05:00	1	0	1	0	CT	0	0	0	0	0	3	0	0	3	23	0	0	21	0	0	0	0	0	0	0	0	0	0	0	0	2	0	0	0	11	0	0	33	15
82	27 Nov 19	00:10:00	1	0	1	0	MT	0	0	0	0	0	0	0	1	2	3	0	0	2	0	0	0	0	1	0	0	0	0	0	0	0	0	0	0	0	18	0	0	3	11
82	27 Nov 19	00:10:00	1	0	1	0	CT	0	0	0	0	0	10	0	35	13	12	0	0	19	0	0	5	0	8	0	0	0	0	0	0	0	5	0	0	0	35	0	0	23	36
83	27 Nov 19	00:15:00	1	0	1	0	MT	0	0	0	0	0	4	0	0	0	2	0	0	5	0	0	0	3	0	0	0	0	0	0	0	0	0	0	0	0	14	0	0	7	7
83	27 Nov 19	00:15:00	1	0	1	0	CT	0	0	0	0	0	23	0	11	7	18	0	12	18	0	0	2	20	0	0	0	0	0	0	4	0	1	0	0	0	28	0	0	21	24
84	27 Nov 19	00:20:00	1	0	1	0	MT	0	0	0	0	0	7	0	0	4	15	0	0	0	0	0	0	0	0	0	0	0	0	0	0	0	0	2	0	0	12	0	0	5	14
84	27 Nov 19	00:20:00	1	0	1	0	CT	0	0	0	0	0	26	0	3	12	41	0	0	0	0	0	0	0	0	0	0	0	0	0	0	0	1	7	0	0	29	0	0	25	33
85	27 Nov 19	00:25:00	1	0	1	0	MT	0	0	0	0	0	11	0	0	2	12	0	0	0	0	0	0	0	0	0	0	0	0	0	0	0	0	0	0	0	15	0	0	0	4
85	27 Nov 19	00:25:00	1	0	1	0	CT	0	0	0	0	0	30	0	2	17	31	0	0	0	0	0	4	0	0	0	0	0	0	0	0	0	2	2	0	0	33	0	0	8	14
86	27 Nov 19	00:30:00	1	0	1	0	MT	0	0	0	0	0	12	0	0	6	8	0	0	0	0	0	0	0	0	0	0	0	0	0	0	0	0	0	0	0	12	0	0	0	1
86	27 Nov 19	00:30:00	1	0	1	0	CT	0	0	0	0	0	31	0	2	17	24	0	0	0	0	0	2	0	0	6	0	0	0	0	0	0	3	30	0	0	26	0	0	19	5
87	27 Nov 19	00:35:00	1	0	1	0	MT	0	0	0	0	0	6	1	0	8	8	0	0	0	0	0	0	0	0	0	0	0	0	0	0	0	0	8	0	0	11	0	0	0	0
87	27 Nov 19	00:35:00	1	0	1	0	CT	0	0	0	0	0	18	6	0	38	24	0	0	0	0	0	5	0	0	1	0	0	0	57	0	0	4	24	0	0	43	0	0	15	2
88	27 Nov 19	00:40:00	1	0	1	0	MT	0	0	0	0	0	6	0	0	8	9	0	0	0	0	0	0	0	0	0	0	0	0	0	0	0	0	12	0	0	13	0	0	0	0
88	27 Nov 19	00:40:00	1	0	1	0	CT	0	0	0	0	0	16	0	0	39	19	0	0	0	0	0	2	0	0	1	0	0	0	11	0	0	0	29	0	0	35	0	0	44	11
89	27 Nov 19	00:45:00	1	0	1	0	MT	0	0	0	0	0	11	0	0	14	5	0	0	0	0	0	0	0	0	0	0	0	0	0	0	0	0	8	0	0	12	0	0	3	0
89	27 Nov 19	00:45:00	1	0	1	0	CT	0	0	0	0	0	26	0	1	31	21	2	0	0	0	0	2	0	0	0	0	0	0	0	0	0	2	16	0	0	26	0	0	27	1
90	27 Nov 19	00:50:00	1	0	1	0	MT	0	0	0	0	0	8	0	0	3	7	0	0	6	0	0	0	0	0	0	0	0	0	0	0	0	0	8	0	0	3	0	0	5	0
90	27 Nov 19	00:50:00	1	0	1	0	CT	0	0	0	0	0	15	4	2	10	18	0	0	28	0	0	5	0	0	0	0	0	0	0	0	0	0	20	1	0	8	0	0	34	35
91	27 Nov 19	00:55:00	1	0	1	0	MT	0	0	0	0	0	5	0	0	2	0	0	0	3	0	0	0	0	0	0	0	0	0	0	0	1	0	15	0	0	15	0	0	3	0
91	27 Nov 19	00:55:00	1	0	1	0	CT	0	0	0	0	0	15	0	3	12	40	0	0	16	0	0	3	0	0	0	0	0	0	0	0	49	2	30	0	0	28	0	0	26	11
92	27 Nov 19	01:00:00	1	0	1	0	MT	0	0	0	0	0	6	0	0	3	0	0	0	1	0	0	0	0	0	0	0	0	0	0	0	0	0	6	0	0	12	0	0	6	0
92	27 Nov 19	01:00:00	1	0	1	0	CT	0	0	0	0	0	20	0	0	7	13	0	0	15	0	0	1	0	0	0	0	0	0	0	0	26	0	17	0	0	20	0	0	23	0
93	27 Nov 19	01:05:00	1	0	1	0	MT	0	0	0	0	0	6	0	0	2	2	0	0	0	0	0	0	0	0	0	0	0	0	0	0	0	0	3	0	0	4	0	0	3	0
93	27 Nov 19	01:05:00	1	0	1	0	CT	0	0	0	0	0	22	13	0	8	12	0	0	0	0	0	0	0	0	0	0	0	0	0	0	0	0	10	1	0	7	0	0	11	0
94	27 Nov 19	01:10:00	1	0	1	0	MT	0	0	0	0	0	0	1	0	3	9	0	0	0	0	0	0	0	0	0	0	0	0	0	0	0	0	4	0	0	11	0	0	0	0
94	27 Nov 19	01:10:00	1	0	1	0	CT	0	0	0	0	0	48	7	0	12	23	0	0	0	0	0	1	0	0	0	0	0	0	0	0	0	0	20	0	0	23	0	0	0	0
95	27 Nov 19	01:15:00	1	0	1	0	MT	0	0	0	0	0	9	0	0	2	8	0	0	0	0	0	0	0	0	0	0	0	0	0	0	0	0	7	0	0	9	0	0	2	0
95	27 Nov 19	01:15:00	1	0	1	0	CT	0	0	0	0	0	18	0	5	7	22	0	0	0	0	0	1	0	0	0	0	0	0	0	0	0	5	23	0	0	18	0	0	29	0
96	27 Nov 19	01:20:00	1	0	1	0	MT	0	0	0	0	0	6	0	0	1	1	0	0	1	0	0	0	0	0	0	0	0	0	0	0	0	0	0	0	0	9	0	0	2	0
96	27 Nov 19	01:20:00	1	0	1	0	CT	0	0	0	0	0	26	0	0	53	2	0	0	1	0	0	2	0	0	0	0	0	0	0	0	0	0	7	0	0	15	0	0	10	0
97	27 Nov 19	01:25:00	1	0	1	0	MT	0	0	0	0	0	10	0	0	9	0	0	0	0	0	0	0	0	0	0	0	0	0	0	0	0	0	0	0	0	0	0	0	4	0
97	27 Nov 19	01:25:00	1	0	1	0	CT	0	0	0	0	0	24	0	0	27	0	0	0	0	0	0	0	0	0	0	0	0	48	0	0	0	0	1	3	0	2	0	0	21	0
98	27 Nov 19	01:30:00	1	0	1	0	MT	0	0	0	0	0	9	0	0	1	0	0	0	0	0	0	0	0	1	0	0	0	0	0	0	0	0	0	0	0	1	0	0	0	0
98	27 Nov 19	01:30:00	1	0	1	0	CT	0	0	11	0	0	29	0	0	17	0	0	0	0	0	0	2	0	34	0	0	0	1	0	0	0	0	0	0	0	1	0	0	10	0
99	27 Nov 19	01:35:00	1	0	1	0	MT	0	0	0	0	0	1	0	0	0	0	0	0	0	0	0	0	0	0	0	0	0	0	0	0	0	0	0	0	0	1	0	0	2	0
99	27 Nov 19	01:35:00	1	0	1	0	CT	0	0	0	0	0	4	0	0	0	0	0	0	0	0	0	1	0	11	1	0	0	0	0	0	0	0	0	0	0	1	0	0	11	0
100	27 Nov 19	01:40:00	1	0	1	0	MT	0	0	0	0	0	1	0	0	2	0	0	0	0	0	0	0	0	0	0	0	0	0	0	0	0	0	0	0	0	10	0	0	2	0
100	27 Nov 19	01:40:00	1	0	1	0	CT	0	0	0	0	0	1	0	0	6	0	0	0	0	0	0	1	0	0	0	0	0	0	0	0	0	0	0	0	0	18	0	0	17	0
101	27 Nov 19	01:45:00	1	0	1	0	MT	0	0	0	0	0	1	0	0	0	1	0	0	0	0	0	0	0	0	0	0	0	0	0	0	0	0	0	0	0	15	3	0	3	0
101	27 Nov 19	01:45:00	1	0	1	0	CT	0	0	2	0	0	13	0	0	0	15	0	0	0	0	0	0	0	0	0	0	0	0	0	0	0	0	0	0	0	42	18	0	20	0
102	27 Nov 19	01:50:00	1	0	1	0	MT	0	0	0	0	0	10	0	0	0	15	0	0	4	0	0	0	0	0	0	0	0	0	0	0	0	0	0	0	0	9	0	0	5	0
102	27 Nov 19	01:50:00	1	0	1	0	CT	0	0	1	0	0	29	0	1	0	30	0	0	14	0	0	0	0	0	1	0	0	0	0	0	0	0	0	0	0	12	0	0	23	0
103	27 Nov 19	01:55:00	1	0	1	0	MT	0	0	0	0	0	12	0	0	0	13	0	0	7	0	0	0	0	0	0	0	0	0	0	0	0	0	0	2	0	0	11	0	3	0
103	27 Nov 19	01:55:00	1	0	1	0	CT	0	0	0	0	0	36	0	1	0	29	0	0	36	0	0	0	0	0	0	0	0	0	0	0	0	0	0	8	0	0	36	0	17	0
104	27 Nov 19	02:00:00	1	0	1	0	MT	0	0	0	0	0	7	0	0	0	6	0	0	2	0	0	0	0	0	0	0	0	0	0	0	0	0	0	1	0	0	20	0	6	0
104	27 Nov 19	02:00:00	1	0	1	0	CT	0	0	1	0	0	42	0	1	0	20	0	0	17	0	0	0	0	0	0	0	0	0	0	0	0	0	0	63	0	0	45	0	23	0
105	27 Nov 19	02:05:00	1	0	1	0	MT	0	0	0	0	0	6	0	0	1	5	0	0	0	0	0	0	0	0	0	0	0	0	0	0	0	0	0	0	0	0	15	0	1	0
105	27 Nov 19	02:05:00	1	0	1	0	CT	0	0	0	0	0	23	0	0	12	17	0	0	0	0	0	0	0	0	0	0	0	4	0	0	0	0	0	0	0	0	31	0	20	0
106	27 Nov 19	02:10:00	1	0	1	0	MT	0	0	0	0	0	5	0	0	0	0	0	0	0	0	0	0	0	0	0	0	0	0	0	0	0	0	0	0	0	0	19	0	0	0
106	27 Nov 19	02:10:00	1	0	1	0	CT	0	0	0	0	0	10	0	0	0	0	0	0	0	0	0	1	0	0	2	0	0	9	0	0	0	0	0	0	0	0	39	0	10	0
107	27 Nov 19	02:15:00	1	0	1	0	MT	0	0	0	0	0	9	0	0	0	0	0	0	3	0	0	0	0	0	0	0	0	0	0	0	0	0	0	0	0	0	15	0	5	0
107	27 Nov 19	02:15:00	1	0	1	0	CT	0	0	0	0	0	17	0	0	0	0	0	0	14	0	0	0	0	2	53	0	0	0	0	0	0	0	0	0	0	0	29	0	21	0
108	27 Nov 19	02:20:00	1	0	1	0	MT	0	0	0	0	0	0	0	0	0	0	0	0	1	0	0	0	0	0	0	0	0	0	0	0	0	0	0	0	0	0	15	0	4	0
108	27 Nov 19	02:20:00	1	0	1	0	CT	0	0	0	0	0	2	0	4	0	0	0	0	7	0	0	0	13	0	0	0	0	0	0	0	0	0	0	0	0	0	37	0	11	0
109	27 Nov 19	02:25:00	1	0	1	0	MT	0	0	0	0	0	0	0	0	0	0	0	0	3	0	0	0	0	0	0	0	0	0	0	0	0	0	5	0	0	0	5	0	0	0
109	27 Nov 19	02:25:00	1	0	1	0	CT	0	0	30	0	0	0	0	0	1	0	0	0	38	0	0	0	0	0	0	0	0	0	0	0	0	0	12	0	0	1	23	0	0	0
110	27 Nov 19	02:30:00	1	0	1	0	MT	0	0	0	0	0	4	0	0	0	0	0	0	0	0	0	0	0	0	0	1	0	0	0	0	0	0	0	0	0	0	9	0	0	0
110	27 Nov 19	02:30:00	1	0	1	0	CT	0	0	0	0	0	16	0	0	18	0	0	0	7	0	0	0	49	0	0	1	0	0	0	0	0	0	8	0	0	4	20	0	0	0
111	27 Nov 19	02:35:00	1	0	1	0	MT	0	0	1	1	0	5	0	0	0	0	0	0	0	0	0	0	7	0	0	0	0	0	0	0	0	0	0	0	0	4	17	0	1	0
111	27 Nov 19	02:35:00	1	0	1	0	CT	0	0	7	10	0	17	0	0	8	0	0	0	0	0	0	0	53	0	0	2	0	0	0	0	0	0	5	0	0	16	32	0	16	0
112	27 Nov 19	02:40:00	1	0	1	0	MT	0	0	3	0	0	14	0	0	0	0	0	0	1	0	0	0	1	0	0	0	0	0	0	0	0	0	0	0	0	0	3	1	4	0
112	27 Nov 19	02:40:00	1	0	1	0	CT	0	0	22	1	0	39	0	0	9	0	0	0	1	0	0	0	9	0	0	0	0	0	0	0	6	0	0	0	0	0	15	5	32	0
113	27 Nov 19	02:45:00	1	0	1	0	MT	0	0	1	0	0	11	1	0	0	0	0	0	1	0	0	0	0	0	0	0	0	0	0	0	1	0	0	0	0	0	12	0	6	0
113	27 Nov 19	02:45:00	1	0	1	0	CT	0	0	30	0	0	31	6	0	4	0	0	0	3	0	0	0	0	0	0	0	0	0	0	0	20	0	0	0	0	0	57	0	36	0
114	27 Nov 19	02:50:00	1	0	1	0	MT	0	0	3	0	0	5	0	0	0	0	0	0	1	0	0	0	0	0	0	0	0	0	0	0	0	0	0	0	0	0	17	0	6	0
114	27 Nov 19	02:50:00	1	0	1	0	CT	0	0	37	0	0	30	6	0	2	0	0	0	2	0	0	0	3	0	0	0	0	1	0	0	0	0	0	0	0	0	40	0	24	0
115	27 Nov 19	02:55:00	1	0	1	0	MT	0	0	2	0	0	8	0	0	0	0	0	0	1	0	0	0	0	0	0	0	0	0	0	0	0	0	0	0	0	0	13	0	2	0
115	27 Nov 19	02:55:00	1	0	1	0	CT	0	0	22	2	0	25	4	0	3	0	0	0	1	0	0	0	1	0	0	0	0	0	0	0	28	0	0	0	0	0	52	0	38	0
116	27 Nov 19	03:00:00	1	0	1	0	MT	0	0	1	0	0	3	0	0	0	0	0	0	0	0	0	0	0	0	0	0	0	0	0	0	0	0	0	0	0	0	14	0	5	0
116	27 Nov 19	03:00:00	1	0	1	0	CT	0	0	31	2	0	7	2	0	1	0	0	0	4	0	0	0	0	0	0	0	0	0	0	0	0	0	1	0	0	0	33	0	23	0
117	27 Nov 19	03:05:00	1	0	1	0	MT	0	0	1	0	0	6	0	0	0	0	0	1	3	0	0	0	0	0	0	0	0	0	0	0	0	0	0	0	0	0	12	0	12	0
117	27 Nov 19	03:05:00	1	0	1	0	CT	0	0	28	0	0	18	2	0	2	0	0	2	15	0	0	0	5	0	0	0	0	53	0	0	0	0	4	0	0	0	33	0	41	0
118	27 Nov 19	03:10:00	1	0	1	0	MT	0	0	0	0	0	0	0	0	0	0	0	0	2	0	0	0	0	0	0	0	0	0	0	0	0	0	0	0	0	0	5	0	3	0
118	27 Nov 19	03:10:00	1	0	1	0	CT	0	0	0	1	0	3	7	0	3	0	0	0	9	0	0	1	0	0	0	0	0	0	0	0	0	0	0	0	0	0	21	0	19	0
119	27 Nov 19	03:15:00	1	0	1	0	MT	0	0	0	2	0	0	0	0	0	0	0	0	0	0	0	0	0	0	0	0	0	0	0	0	0	0	0	0	0	0	8	0	0	0
119	27 Nov 19	03:15:00	1	0	1	0	CT	0	0	0	6	0	0	4	0	3	0	0	0	0	0	0	1	2	1	0	0	0	12	0	0	0	0	6	0	0	0	28	0	0	0
120	27 Nov 19	03:20:00	1	0	1	0	MT	0	0	0	0	0	2	0	0	0	0	0	0	0	0	0	0	0	0	0	0	0	2	0	0	0	0	0	0	0	0	0	0	5	0
120	27 Nov 19	03:20:00	1	0	1	0	CT	0	0	0	0	0	3	0	0	3	0	0	0	0	0	0	0	0	0	0	0	0	6	0	0	0	0	0	0	0	0	5	0	30	0
121	27 Nov 19	03:25:00	1	0	1	0	MT	0	0	0	0	0	11	0	0	0	0	0	0	1	0	0	0	0	0	0	0	0	2	0	0	0	0	0	0	0	0	0	0	7	0
121	27 Nov 19	03:25:00	1	0	1	0	CT	0	0	0	0	0	29	0	0	3	0	0	0	3	0	0	0	0	0	0	0	0	5	0	0	0	0	0	0	0	1	8	0	20	0
122	27 Nov 19	03:30:00	1	0	1	0	MT	0	0	0	0	0	10	0	0	0	0	0	0	0	0	0	0	0	0	0	0	0	0	0	0	0	0	0	0	0	0	0	0	2	0
122	27 Nov 19	03:30:00	1	0	1	0	CT	0	0	0	0	0	27	0	0	10	0	0	0	4	0	0	0	2	0	0	0	0	0	0	0	0	0	0	0	0	3	3	0	16	0
123	27 Nov 19	03:35:00	1	0	1	0	MT	0	0	0	0	0	6	0	0	0	0	0	0	0	0	0	0	0	0	0	0	0	0	0	0	0	0	0	0	0	0	0	0	6	0
123	27 Nov 19	03:35:00	1	0	1	0	CT	0	0	0	0	0	29	0	0	0	0	0	0	0	0	0	0	2	0	0	0	0	0	0	0	0	0	0	0	0	0	0	0	20	0
124	27 Nov 19	03:40:00	1	0	1	0	MT	0	0	0	0	0	5	0	0	0	0	0	0	0	0	0	0	0	0	0	0	0	0	0	0	0	0	0	0	0	0	0	0	1	0
124	27 Nov 19	03:40:00	1	0	1	0	CT	0	0	0	0	0	35	0	0	0	0	0	0	0	0	0	0	0	0	8	0	0	0	0	0	0	0	0	0	0	0	0	0	5	0
125	27 Nov 19	03:45:00	1	0	1	0	MT	0	0	0	0	0	12	0	0	0	0	0	0	3	0	0	0	0	0	0	0	0	0	0	0	0	0	1	0	0	0	0	0	0	0
125	27 Nov 19	03:45:00	1	0	1	0	CT	0	0	0	0	0	33	13	0	0	0	0	0	15	0	0	0	1	0	2	0	0	0	0	0	0	0	11	0	0	0	0	0	1	0
126	27 Nov 19	03:50:00	1	0	1	0	MT	0	0	0	0	0	7	0	0	0	0	0	0	2	0	0	0	0	0	0	0	0	0	0	0	0	0	0	0	0	0	0	0	1	0
126	27 Nov 19	03:50:00	1	0	1	0	CT	0	0	0	0	0	22	7	0	0	0	0	0	8	0	0	0	2	1	0	0	0	0	0	0	0	0	0	0	0	0	0	0	3	0
127	27 Nov 19	03:55:00	1	0	1	0	MT	0	0	0	0	0	3	0	0	1	0	0	0	0	0	0	0	0	0	0	0	0	0	0	0	0	0	1	0	0	0	0	0	0	0
127	27 Nov 19	03:55:00	1	0	1	0	CT	0	0	0	0	0	22	1	0	13	0	0	0	0	0	0	0	1	0	0	0	0	0	0	0	0	0	1	0	0	0	0	0	0	0
128	27 Nov 19	04:00:00	1	0	1	0	MT	0	0	0	0	0	0	0	0	2	0	0	0	0	0	0	0	0	0	0	0	0	0	0	0	0	0	0	0	0	0	0	0	0	0
128	27 Nov 19	04:00:00	1	0	1	0	CT	0	0	1	0	0	6	0	0	14	0	0	0	0	0	0	0	0	0	0	0	0	0	0	0	0	0	0	0	0	0	0	0	0	0
129	27 Nov 19	04:05:00	1	0	1	0	MT	0	0	0	0	0	4	0	0	0	0	0	0	1	0	0	0	0	0	0	0	0	0	0	0	0	0	0	0	0	0	1	0	0	0
129	27 Nov 19	04:05:00	1	0	1	0	CT	0	0	0	0	0	30	0	0	0	0	0	0	12	0	0	0	0	0	0	0	0	0	0	0	0	0	0	0	0	1	1	0	0	0
130	27 Nov 19	04:10:00	1	0	1	0	MT	0	0	0	0	0	2	0	0	0	0	0	0	0	0	0	0	0	0	0	0	0	0	0	0	0	0	2	0	0	0	0	0	0	0
130	27 Nov 19	04:10:00	1	0	1	0	CT	0	0	0	0	0	31	0	0	0	0	0	0	0	0	0	0	2	0	0	2	0	0	0	0	0	0	25	0	0	2	0	0	0	0
131	27 Nov 19	04:15:00	1	0	1	0	MT	0	0	0	0	0	0	0	0	0	0	0	0	0	0	0	0	0	0	0	0	0	0	0	0	0	0	13	0	0	7	0	0	0	0
131	27 Nov 19	04:15:00	1	0	1	0	CT	0	0	1	0	0	0	0	0	0	0	0	0	0	0	0	0	0	0	0	0	0	0	0	0	0	0	39	0	0	76	0	0	0	0
132	27 Nov 19	04:20:00	1	0	1	0	MT	0	0	0	0	0	6	0	0	0	0	0	0	0	0	0	0	0	0	0	0	0	0	0	0	0	0	12	0	0	17	0	0	0	0
132	27 Nov 19	04:20:00	1	0	1	0	CT	0	0	0	0	0	22	0	0	0	0	0	0	0	0	0	0	0	0	0	0	0	0	0	0	0	0	31	0	0	35	0	0	0	0
133	27 Nov 19	04:25:00	1	0	1	0	MT	0	0	0	0	0	10	0	0	0	0	0	0	0	0	0	0	0	0	0	0	0	0	0	0	0	0	10	0	0	15	0	0	0	0
133	27 Nov 19	04:25:00	1	0	1	0	CT	0	0	3	0	0	47	0	0	0	0	0	0	0	0	0	0	0	0	0	0	0	0	0	0	0	0	30	0	0	26	0	0	0	0
134	27 Nov 19	04:30:00	1	0	1	0	MT	0	0	0	0	0	3	0	0	0	0	0	0	1	0	0	0	0	0	0	0	0	0	0	0	0	0	8	0	0	12	0	0	0	0
134	27 Nov 19	04:30:00	1	0	1	0	CT	0	0	8	13	0	15	0	0	0	0	0	0	7	0	0	0	0	0	0	0	0	0	0	0	0	0	23	0	0	27	0	0	0	0
135	27 Nov 19	04:35:00	1	0	1	0	MT	0	0	0	0	0	1	0	0	0	0	0	0	0	0	0	0	0	0	0	0	0	0	0	0	0	0	7	0	0	14	0	0	0	0
135	27 Nov 19	04:35:00	1	0	1	0	CT	0	0	2	5	0	9	0	0	0	0	0	0	0	0	0	0	0	0	0	0	0	0	0	0	0	0	27	0	0	22	0	0	1	0
136	27 Nov 19	04:40:00	1	0	1	0	MT	0	0	0	0	0	3	0	0	0	0	0	0	0	0	0	0	0	0	0	0	0	0	0	0	0	0	5	0	0	8	0	0	0	0
136	27 Nov 19	04:40:00	1	0	1	0	CT	0	0	3	1	0	10	0	0	0	0	0	0	0	0	0	0	0	0	0	17	0	0	0	0	0	0	33	0	0	26	0	0	0	0
137	27 Nov 19	04:45:00	1	0	1	0	MT	0	0	0	1	0	0	0	0	0	0	0	0	0	0	0	0	0	0	0	0	0	0	0	0	0	0	3	0	0	9	0	0	0	0
137	27 Nov 19	04:45:00	1	0	1	0	CT	0	0	0	11	0	0	0	0	0	0	0	0	0	0	0	0	0	0	0	63	0	0	0	0	0	0	59	0	0	15	0	0	1	0
138	27 Nov 19	04:50:00	1	0	1	0	MT	0	0	0	0	0	7	0	0	0	0	0	0	1	0	0	0	0	0	0	0	1	0	0	0	0	0	5	0	0	6	0	0	0	0
138	27 Nov 19	04:50:00	1	0	1	0	CT	0	0	0	0	0	37	0	0	0	0	0	0	12	0	0	0	0	0	0	0	37	0	0	0	0	0	20	0	0	16	0	0	0	0
139	27 Nov 19	04:55:00	1	0	1	0	MT	0	0	0	0	0	8	0	0	0	0	0	0	5	0	0	0	0	0	0	0	0	0	0	0	0	0	3	0	0	4	0	0	0	0
139	27 Nov 19	04:55:00	1	0	1	0	CT	0	0	0	0	0	28	0	0	0	0	0	0	40	0	0	0	0	0	0	0	1	0	0	0	0	0	6	13	0	19	4	0	0	0
140	27 Nov 19	05:00:00	1	0	1	0	MT	0	0	0	0	0	6	0	0	0	0	0	0	4	0	0	0	0	0	0	0	0	0	0	0	0	0	0	0	0	10	0	0	0	0
140	27 Nov 19	05:00:00	1	0	1	0	CT	0	0	0	0	0	23	0	0	0	0	0	0	14	0	0	1	0	0	0	0	3	0	0	0	0	0	0	35	0	27	0	0	0	0
141	27 Nov 19	05:05:00	1	0	1	0	MT	0	0	0	0	0	6	0	0	0	0	0	0	0	0	0	0	0	0	0	0	0	0	0	0	0	0	0	0	0	7	0	0	0	0
141	27 Nov 19	05:05:00	1	0	1	0	CT	0	0	0	0	0	29	0	0	0	0	0	0	0	0	0	0	0	0	0	0	3	0	0	0	0	0	0	0	0	14	0	0	0	0
142	27 Nov 19	05:10:00	1	0	1	0	MT	0	0	0	0	0	3	0	0	0	0	0	0	0	0	0	0	0	0	0	0	0	0	0	0	0	0	4	0	0	9	0	0	0	0
142	27 Nov 19	05:10:00	1	0	1	0	CT	0	0	0	0	0	21	0	0	0	0	0	0	0	0	0	0	0	0	0	0	0	0	0	0	0	0	16	0	0	21	0	0	0	0
143	27 Nov 19	05:15:00	1	0	1	0	MT	0	0	0	0	0	2	0	0	0	0	0	0	0	0	0	0	0	0	0	0	0	0	0	0	0	0	10	0	0	10	0	0	0	0
143	27 Nov 19	05:15:00	1	0	1	0	CT	0	0	0	0	0	41	3	0	0	0	0	0	0	0	0	0	0	10	0	0	0	0	0	0	0	0	28	0	0	19	0	0	0	0
144	27 Nov 19	05:20:00	1	0	1	0	MT	0	0	0	0	0	1	0	0	0	0	0	0	0	0	0	0	0	0	0	0	0	0	0	0	0	0	7	0	0	2	0	0	0	0
144	27 Nov 19	05:20:00	1	0	1	0	CT	0	0	0	0	0	2	6	0	0	0	0	0	0	0	0	0	0	0	0	0	0	0	0	0	0	0	19	0	0	5	0	0	0	0
145	27 Nov 19	05:25:00	1	0	1	0	MT	0	0	0	0	0	0	0	0	0	0	0	0	4	0	0	0	0	0	0	0	0	0	0	0	0	0	3	0	0	6	0	0	0	0
145	27 Nov 19	05:25:00	1	0	1	0	CT	0	0	0	0	0	0	5	0	0	0	0	0	13	0	0	0	0	0	0	0	0	0	0	0	0	0	14	0	0	13	0	0	1	0
146	27 Nov 19	05:30:00	1	0	1	0	MT	0	0	0	0	0	0	0	0	0	0	0	0	0	0	0	0	0	0	0	0	0	0	0	0	0	0	8	0	0	0	0	0	0	0
146	27 Nov 19	05:30:00	1	0	1	0	CT	0	0	0	0	0	4	4	0	0	0	0	0	3	0	0	0	0	0	0	0	0	0	0	0	0	0	22	0	0	0	0	0	0	0
147	27 Nov 19	05:35:00	1	0	1	0	MT	0	0	0	0	0	2	0	0	0	0	0	0	0	0	0	0	0	0	0	0	0	0	0	0	0	0	4	0	0	0	0	0	0	0
147	27 Nov 19	05:35:00	1	0	1	0	CT	0	0	0	0	0	14	0	0	0	0	0	0	0	0	0	0	0	0	0	0	0	0	0	0	0	0	12	0	0	0	0	0	0	0
148	27 Nov 19	05:40:00	1	0	1	0	MT	0	0	0	0	0	5	0	0	0	0	0	0	0	0	0	0	0	0	0	0	0	0	0	0	0	0	1	0	0	0	0	0	0	0
148	27 Nov 19	05:40:00	1	0	1	0	CT	0	0	0	0	0	27	0	0	0	0	0	0	7	0	0	0	0	0	0	0	0	0	0	0	0	0	7	0	0	0	0	0	0	0
149	27 Nov 19	05:45:00	1	0	1	0	MT	0	0	0	0	0	7	0	0	0	0	0	0	0	0	0	0	0	0	0	0	0	0	0	0	0	0	0	0	0	0	0	0	0	0
149	27 Nov 19	05:45:00	1	0	1	0	CT	0	0	0	0	0	15	0	0	0	0	0	0	0	0	0	0	0	0	1	0	0	0	0	0	0	0	0	0	0	0	0	0	0	0
150	27 Nov 19	05:50:00	1	0	1	0	MT	0	0	0	1	0	1	0	0	0	0	0	0	0	0	0	0	0	0	0	0	0	0	0	0	0	0	0	1	0	0	0	0	0	0
150	27 Nov 19	05:50:00	1	0	1	0	CT	0	0	0	4	0	8	0	0	0	0	0	0	0	0	0	0	0	0	0	0	0	0	0	0	0	0	0	13	0	0	0	0	0	0
151	27 Nov 19	05:55:00	1	0	1	0	MT	0	0	0	0	0	0	0	0	0	0	0	0	0	0	0	0	0	0	0	0	0	0	0	0	0	0	0	1	0	0	0	0	0	0
151	27 Nov 19	05:55:00	1	0	1	0	CT	0	0	0	0	0	2	0	0	7	0	0	0	0	0	0	0	0	0	0	0	1	0	0	0	0	0	0	15	0	0	30	0	0	0
152	27 Nov 19	06:00:00	1	0	1	0	MT	0	0	0	0	0	0	0	0	0	0	0	0	0	0	0	0	0	0	1	0	0	0	0	0	0	0	5	0	0	0	0	0	0	0
152	27 Nov 19	06:00:00	1	0	1	0	CT	0	0	0	1	0	0	0	0	9	0	0	0	0	0	0	0	0	0	15	0	0	0	0	0	0	0	18	31	0	0	1	0	2	0
153	27 Nov 19	06:05:00	1	0	1	0	MT	0	0	0	0	0	1	0	0	0	0	0	0	0	0	0	0	0	0	0	0	0	0	0	0	0	0	6	0	0	0	0	0	0	0
153	27 Nov 19	06:05:00	1	0	1	0	CT	0	0	0	36	0	1	0	0	3	0	0	0	0	0	0	0	0	0	45	0	4	0	0	0	0	0	20	0	0	0	0	0	0	0
154	27 Nov 19	06:10:00	1	0	1	0	MT	0	0	0	0	0	6	0	0	0	0	0	0	0	0	0	0	0	0	0	0	0	0	0	0	0	0	5	0	0	0	0	0	0	0
154	27 Nov 19	06:10:00	1	0	1	0	CT	0	0	0	0	0	19	0	0	0	0	0	0	0	0	0	0	0	3	0	0	0	0	0	0	0	0	19	0	0	0	0	0	0	0
155	27 Nov 19	06:15:00	1	0	1	0	MT	0	0	0	0	0	8	0	0	0	0	0	0	0	0	0	0	0	0	0	0	0	0	0	0	0	0	7	0	0	0	0	0	0	0
155	27 Nov 19	06:15:00	1	0	1	0	CT	0	0	0	0	0	22	0	0	0	0	0	0	0	0	0	0	0	4	0	0	0	0	0	0	2	0	23	0	0	0	0	0	0	0
156	27 Nov 19	06:20:00	1	0	1	0	MT	0	0	0	0	0	7	0	0	0	0	0	0	0	0	0	0	0	0	0	0	0	1	0	0	0	0	5	0	0	0	0	0	0	0
156	27 Nov 19	06:20:00	1	0	1	0	CT	0	0	0	0	0	19	0	0	0	0	0	0	0	0	0	0	0	0	0	0	0	7	0	0	0	0	16	0	0	0	0	0	0	0
157	27 Nov 19	06:25:00	1	0	1	0	MT	0	0	0	0	0	3	0	0	0	0	0	0	0	0	0	0	0	0	0	0	0	1	0	0	0	0	2	0	0	0	0	0	0	0
157	27 Nov 19	06:25:00	1	0	1	0	CT	0	0	0	0	0	6	0	0	0	0	0	0	0	0	0	0	0	0	0	0	0	5	0	0	0	0	15	0	0	0	0	0	0	0
158	27 Nov 19	06:30:00	1	0	1	0	MT	0	1	0	0	0	7	0	0	0	0	0	0	0	0	0	0	0	0	0	0	0	0	0	0	0	0	0	0	0	0	1	0	0	0
158	27 Nov 19	06:30:00	1	0	1	0	CT	0	1	0	0	0	33	0	0	9	0	47	0	0	0	0	0	0	0	0	0	1	9	0	0	0	0	6	0	0	0	1	0	8	0
159	27 Nov 19	06:35:00	1	0	1	0	MT	0	1	0	6	0	2	1	0	0	0	0	0	2	0	0	0	1	0	6	2	0	0	1	0	0	0	4	0	0	3	7	4	0	8
159	27 Nov 19	06:35:00	1	0	1	0	CT	0	1	0	12	0	26	6	0	20	0	20	1	37	0	0	0	9	0	27	29	0	63	3	0	5	25	24	5	0	8	25	18	0	45
160	27 Nov 19	06:40:00	1	0	1	0	MT	0	1	0	2	0	2	1	0	0	2	1	11	0	0	0	0	0	0	6	12	0	0	2	2	0	3	5	16	0	5	12	3	4	9
160	27 Nov 19	06:40:00	1	0	1	0	CT	0	1	0	9	0	20	6	0	5	17	6	30	1	0	0	0	2	46	12	34	0	14	4	11	14	32	23	23	0	36	34	9	25	29
161	27 Nov 19	06:45:00	1	0	1	0	MT	0	1	0	3	0	8	0	0	0	3	0	5	1	0	0	4	3	0	6	10	0	0	10	0	1	2	9	8	1	7	12	6	2	8
161	27 Nov 19	06:45:00	1	0	1	0	CT	0	1	3	29	0	37	15	0	3	15	0	22	17	0	0	20	15	19	10	33	5	2	46	0	30	18	21	18	6	27	33	35	18	26
162	27 Nov 19	06:50:00	1	0	1	0	MT	0	1	0	4	0	6	2	0	0	3	3	6	0	0	0	0	3	3	13	9	0	0	3	0	8	4	2	13	0	6	15	1	2	6
162	27 Nov 19	06:50:00	1	0	1	0	CT	0	1	13	24	0	27	13	10	3	20	17	39	1	0	0	13	49	19	20	56	60	2	12	0	24	42	24	46	0	41	46	14	10	34
163	27 Nov 19	06:55:00	1	0	1	0	MT	0	1	0	1	0	4	2	1	0	7	5	5	0	0	0	0	0	4	7	6	0	0	6	0	6	6	6	11	0	7	14	7	2	10
163	27 Nov 19	06:55:00	1	0	1	0	CT	0	1	5	12	0	33	18	6	0	24	16	16	0	0	0	15	11	40	16	19	0	63	24	9	26	37	23	44	0	22	29	27	26	28
164	27 Nov 19	07:00:00	1	0	1	0	MT	0	1	2	8	0	8	0	1	0	5	4	6	1	0	0	1	0	4	4	11	0	0	11	0	1	6	14	9	0	10	5	3	0	11
164	27 Nov 19	07:00:00	1	0	1	0	CT	0	1	50	27	0	42	0	15	8	14	10	20	16	0	0	14	0	22	11	22	0	1	44	0	17	22	29	25	0	50	11	31	23	51
165	27 Nov 19	07:05:00	1	0	1	0	MT	0	1	4	1	0	10	2	0	0	3	2	13	3	0	0	2	0	2	8	9	0	0	6	0	2	1	11	10	0	10	11	2	3	8
165	27 Nov 19	07:05:00	1	0	1	0	CT	0	1	18	11	0	23	11	13	0	24	16	26	32	0	0	21	0	17	14	26	0	10	20	0	23	3	32	49	0	33	44	15	17	25
166	27 Nov 19	07:10:00	1	0	1	0	MT	0	1	3	3	0	13	1	0	0	9	4	7	0	0	0	6	0	2	11	14	0	0	5	0	0	8	11	4	1	9	7	2	8	9
166	27 Nov 19	07:10:00	1	0	1	0	CT	0	1	25	11	0	30	16	15	0	24	11	15	0	0	1	20	0	23	28	25	0	1	25	0	29	43	41	21	6	27	21	14	39	43
167	27 Nov 19	07:15:00	1	0	1	0	MT	0	1	2	0	0	11	2	6	0	6	6	7	4	0	1	4	0	9	5	9	0	0	11	0	0	6	8	23	0	9	13	3	2	9
167	27 Nov 19	07:15:00	1	0	1	0	CT	0	1	13	6	0	33	14	16	34	25	8	46	57	0	7	19	0	35	19	35	11	0	26	0	3	36	39	52	1	25	21	17	19	24
168	27 Nov 19	07:20:00	1	0	1	0	MT	0	1	2	0	0	10	2	0	0	5	2	10	1	0	1	6	0	5	5	11	0	0	15	0	0	6	11	15	0	9	16	6	1	13
168	27 Nov 19	07:20:00	1	0	1	0	CT	0	1	29	5	0	35	5	5	52	22	4	19	4	0	6	46	0	43	11	37	1	3	33	0	45	46	22	38	0	21	32	26	9	37
169	27 Nov 19	07:25:00	1	0	1	0	MT	0	1	0	0	0	12	1	0	0	6	4	3	4	0	4	5	0	4	9	8	0	4	16	0	6	9	11	18	0	12	10	4	4	9
169	27 Nov 19	07:25:00	1	0	1	0	CT	0	1	8	3	0	24	5	5	11	17	21	14	25	0	13	37	0	31	22	23	0	27	35	0	17	49	24	49	0	23	21	22	20	37
170	27 Nov 19	07:30:00	1	0	1	0	MT	0	1	0	1	0	6	1	0	0	6	5	5	3	0	2	6	0	3	7	21	0	1	9	0	11	9	6	16	0	15	11	5	5	7
170	27 Nov 19	07:30:00	1	0	1	0	CT	0	1	0	9	0	21	17	12	0	31	13	25	15	0	51	36	0	78	21	52	0	37	36	0	37	46	17	34	0	27	37	26	31	38
171	27 Nov 19	07:35:00	1	0	1	0	MT	0	1	0	4	0	12	1	2	0	5	4	9	1	0	0	1	0	4	1	12	1	5	14	0	11	9	6	15	0	12	12	0	5	14
171	27 Nov 19	07:35:00	1	0	1	0	CT	0	1	14	21	0	24	5	6	0	12	18	16	19	0	7	5	31	13	16	41	5	36	38	1	30	45	19	30	0	27	21	3	82	34
172	27 Nov 19	07:40:00	1	0	1	0	MT	0	1	1	9	0	11	0	2	0	6	5	7	4	0	1	6	4	3	3	11	0	5	15	1	9	6	8	19	0	15	18	3	4	10
172	27 Nov 19	07:40:00	1	0	1	0	CT	0	1	24	34	0	39	0	13	0	16	14	26	72	0	4	29	20	26	11	46	7	20	46	14	25	31	33	34	0	32	28	7	19	31
173	27 Nov 19	07:45:00	1	0	1	0	MT	0	1	1	0	0	12	0	0	0	6	6	0	5	0	5	8	7	2	4	14	4	6	8	1	11	6	14	8	0	15	15	4	3	12
173	27 Nov 19	07:45:00	1	0	1	0	CT	0	1	11	13	0	27	0	1	1	20	38	7	24	0	8	28	55	9	8	38	26	50	29	11	24	42	35	20	0	25	24	17	9	32
174	27 Nov 19	07:50:00	1	0	1	0	MT	0	1	0	8	0	11	0	0	0	6	7	0	5	0	2	5	0	8	8	12	4	6	14	0	5	2	16	0	0	16	12	2	4	8
174	27 Nov 19	07:50:00	1	0	1	0	CT	0	1	0	22	0	34	0	0	0	34	10	0	39	0	9	26	63	46	24	51	28	40	46	33	21	14	32	6	0	30	42	10	36	41
175	27 Nov 19	07:55:00	1	0	1	0	MT	0	1	0	5	0	17	0	0	0	14	9	1	3	0	0	8	0	1	6	18	2	3	9	0	11	11	8	9	0	17	19	0	5	15
175	27 Nov 19	07:55:00	1	0	1	0	CT	0	1	8	20	0	43	0	0	2	54	17	4	14	0	7	29	63	14	14	41	13	10	25	1	34	53	17	16	0	37	34	1	27	36
176	27 Nov 19	08:00:00	1	0	1	0	MT	0	1	2	5	0	10	0	0	0	8	6	13	5	0	1	6	0	3	0	23	2	0	13	0	9	10	13	2	8	13	16	0	4	15
176	27 Nov 19	08:00:00	1	0	1	0	CT	0	1	16	71	0	23	0	0	0	26	11	29	22	0	11	73	0	22	0	64	21	0	33	6	24	54	35	4	26	28	38	18	32	42
177	27 Nov 19	08:05:00	1	0	1	0	MT	0	1	2	0	0	9	1	0	0	8	8	9	2	1	2	6	0	0	0	16	11	0	10	0	15	6	15	16	11	14	13	0	2	13
177	27 Nov 19	08:05:00	1	0	1	0	CT	0	1	9	37	0	36	4	0	0	23	13	21	9	22	3	28	0	5	0	53	56	0	30	0	35	32	33	42	32	42	50	2	31	30
178	27 Nov 19	08:10:00	1	0	1	0	MT	0	1	1	10	0	14	2	0	0	9	8	15	5	4	1	5	0	8	0	18	10	0	6	0	14	10	13	0	13	15	15	2	5	17
178	27 Nov 19	08:10:00	1	0	1	0	CT	0	1	8	25	0	32	23	0	19	20	14	29	34	23	3	29	0	36	0	33	38	12	33	0	36	41	30	0	33	28	31	5	34	42
179	27 Nov 19	08:15:00	1	0	1	0	MT	0	1	0	5	0	12	2	0	0	5	4	15	4	5	0	3	0	6	0	8	7	3	13	0	8	11	7	0	13	15	17	2	9	12
179	27 Nov 19	08:15:00	1	0	1	0	CT	0	1	0	17	0	34	34	0	8	23	5	63	70	26	14	9	0	50	0	32	22	18	30	0	30	42	19	0	42	31	30	41	39	39
180	27 Nov 19	08:20:00	1	0	1	0	MT	0	1	0	3	0	13	8	0	0	13	2	4	4	2	0	1	1	5	0	9	19	5	13	0	16	12	5	2	21	21	17	0	7	9
180	27 Nov 19	08:20:00	1	0	1	0	CT	0	1	1	4	0	29	22	0	63	22	15	13	17	27	63	2	13	23	0	37	57	33	34	0	44	40	11	11	45	59	29	7	32	24
181	27 Nov 19	08:25:00	1	0	1	0	MT	0	1	0	0	0	8	1	0	0	14	4	9	3	0	5	0	1	5	0	19	14	7	12	0	12	12	5	4	11	18	11	0	6	15
181	27 Nov 19	08:25:00	1	0	1	0	CT	0	1	0	5	0	19	1	0	6	34	11	24	16	0	13	15	6	42	0	40	46	38	32	0	38	39	10	13	41	37	34	4	27	46
182	27 Nov 19	08:30:00	1	0	1	0	MT	0	1	0	0	0	9	3	0	0	13	6	3	7	0	1	4	4	3	0	18	10	1	14	0	13	11	14	0	22	12	15	0	4	15
182	27 Nov 19	08:30:00	1	0	1	0	CT	0	1	0	1	0	29	17	0	0	43	17	6	29	29	1	18	21	38	0	43	36	13	28	0	39	30	25	3	46	25	45	12	17	26
183	27 Nov 19	08:35:00	1	0	1	0	MT	0	1	0	0	0	11	2	0	0	10	5	8	2	2	0	4	4	1	0	13	14	2	10	0	5	10	11	7	19	9	18	0	12	10
183	27 Nov 19	08:35:00	1	0	1	0	CT	0	1	1	0	0	36	10	0	0	30	10	19	19	66	0	13	43	8	0	38	40	3	21	0	30	33	30	19	47	39	39	5	36	33
184	27 Nov 19	08:40:00	1	0	1	0	MT	0	1	0	0	0	9	4	0	0	7	8	17	2	6	0	2	11	1	7	17	18	6	12	0	1	8	11	11	15	21	9	0	1	11
184	27 Nov 19	08:40:00	1	0	1	0	CT	0	1	45	2	0	21	21	8	0	29	31	26	12	24	0	3	46	9	31	46	37	20	32	36	52	24	28	28	33	43	21	5	38	25
185	27 Nov 19	08:45:00	1	0	1	0	MT	0	1	0	0	0	10	1	3	0	6	2	9	1	0	0	4	0	0	8	18	14	13	8	0	0	16	14	5	21	18	11	4	6	13
185	27 Nov 19	08:45:00	1	0	1	0	CT	0	1	1	1	0	47	8	27	0	21	3	14	14	0	0	19	12	3	15	44	53	36	27	42	1	50	26	47	35	29	27	20	26	29
186	27 Nov 19	08:50:00	1	0	1	0	MT	0	1	0	0	0	16	3	1	0	7	7	1	1	0	0	1	0	0	11	21	9	5	14	2	5	15	11	3	10	15	12	0	4	19
186	27 Nov 19	08:50:00	1	0	1	0	CT	0	1	37	0	0	36	14	27	0	21	15	35	4	0	0	4	0	0	30	51	37	29	32	34	23	35	29	10	47	29	44	2	26	40
187	27 Nov 19	08:55:00	1	0	1	0	MT	0	1	0	2	0	17	0	8	0	5	0	2	5	0	0	8	0	1	10	11	10	6	14	2	14	9	3	2	22	15	22	0	5	24
187	27 Nov 19	08:55:00	1	0	1	0	CT	0	1	19	14	0	41	10	14	0	19	0	3	16	0	0	37	0	8	25	38	46	23	25	32	43	38	12	7	38	28	40	63	24	47
188	27 Nov 19	09:00:00	1	0	1	0	MT	0	1	4	6	0	9	0	5	0	7	4	0	2	0	0	7	0	0	5	1	13	9	6	1	13	9	16	0	23	14	18	0	7	21
188	27 Nov 19	09:00:00	1	0	1	0	CT	0	1	49	25	0	39	1	28	3	25	7	1	7	0	0	43	0	0	18	7	28	26	26	17	28	34	36	0	44	25	29	2	28	39
189	27 Nov 19	09:05:00	1	0	1	0	MT	0	1	0	0	0	7	2	6	0	7	0	0	1	0	0	5	0	3	14	5	12	9	9	4	7	9	15	0	22	16	18	0	4	18
189	27 Nov 19	09:05:00	1	0	1	0	CT	0	1	0	4	0	24	21	30	16	36	1	0	3	0	0	50	13	7	29	18	34	48	31	10	23	38	32	0	47	25	37	0	31	42
190	27 Nov 19	09:10:00	1	0	1	0	MT	0	1	2	0	0	6	5	8	0	7	2	0	2	0	0	2	5	6	0	14	18	10	20	0	15	12	15	0	15	14	18	1	4	15
190	27 Nov 19	09:10:00	1	0	1	0	CT	0	1	22	9	0	24	32	25	23	30	5	0	21	0	0	26	19	21	0	30	41	30	40	0	34	32	34	0	27	26	41	22	39	32
191	27 Nov 19	09:15:00	1	0	1	0	MT	0	1	6	6	0	10	5	9	6	4	2	0	0	0	0	3	3	4	0	0	10	4	11	0	10	12	14	0	23	10	19	3	4	20
191	27 Nov 19	09:15:00	1	0	1	0	CT	0	1	31	19	0	32	15	26	20	11	3	0	12	0	0	14	24	25	0	2	33	9	32	16	39	32	30	0	44	22	31	17	18	55
192	27 Nov 19	09:20:00	1	0	1	0	MT	0	1	2	0	0	11	4	3	0	15	3	10	0	0	0	2	3	9	0	1	10	4	9	1	11	12	11	0	18	21	14	0	8	18
192	27 Nov 19	09:20:00	1	0	1	0	CT	0	1	17	2	0	34	24	6	3	31	9	31	0	0	0	8	34	37	0	4	29	23	12	6	19	31	26	0	32	35	38	0	39	45
193	27 Nov 19	09:25:00	1	0	1	0	MT	0	1	2	0	0	16	5	0	0	10	0	16	1	0	0	4	10	9	0	4	13	6	11	2	3	9	6	2	24	21	21	0	2	15
193	27 Nov 19	09:25:00	1	0	1	0	CT	0	1	72	0	0	42	23	0	0	39	4	31	2	0	0	6	38	28	0	17	27	45	25	12	10	19	13	6	37	42	34	0	11	46
194	27 Nov 19	09:30:00	1	0	1	0	MT	0	1	2	0	0	17	3	3	0	5	1	5	0	0	0	6	9	6	0	3	17	11	10	0	0	14	5	6	16	21	12	0	2	15
194	27 Nov 19	09:30:00	1	0	1	0	CT	0	1	12	0	0	34	11	20	0	31	3	33	1	0	0	11	38	16	0	37	44	46	43	0	12	36	14	13	29	34	27	2	34	35
195	27 Nov 19	09:35:00	1	0	1	0	MT	0	1	0	0	0	9	0	0	0	6	3	0	0	0	0	1	7	6	0	2	13	9	13	0	0	10	8	0	23	16	18	0	4	17
195	27 Nov 19	09:35:00	1	0	1	0	CT	0	1	7	0	0	25	0	0	0	21	11	0	3	0	0	6	61	35	0	14	33	36	23	0	0	40	17	0	47	32	28	0	21	33
196	27 Nov 19	09:40:00	1	0	1	0	MT	0	1	0	0	0	10	0	0	0	11	1	5	0	0	0	4	9	5	0	7	15	9	6	0	0	8	3	0	19	16	12	0	5	13
196	27 Nov 19	09:40:00	1	0	1	0	CT	0	1	0	0	0	29	0	0	0	46	2	12	1	0	0	14	33	26	0	29	40	65	25	0	0	24	5	0	33	48	25	1	32	33
197	27 Nov 19	09:45:00	1	0	1	0	MT	0	1	0	0	0	17	0	0	2	5	0	3	2	0	0	0	0	9	7	0	18	12	0	0	0	7	3	0	18	5	18	0	4	10
197	27 Nov 19	09:45:00	1	0	1	0	CT	0	1	0	0	0	33	0	0	10	15	0	9	16	0	0	0	0	25	20	10	45	57	0	0	0	20	8	5	41	11	30	0	30	22
198	27 Nov 19	09:50:00	1	0	1	0	MT	0	1	3	0	0	13	0	0	1	6	0	1	2	0	0	0	0	4	1	3	14	7	0	0	0	16	7	0	18	11	15	0	5	15
198	27 Nov 19	09:50:00	1	0	1	0	CT	0	1	11	10	0	36	0	0	5	15	4	4	12	0	0	0	0	21	3	15	34	15	0	0	0	44	15	0	29	23	27	8	28	28
199	27 Nov 19	09:55:00	1	0	1	0	MT	0	1	1	0	0	4	0	0	1	9	4	4	3	0	0	0	0	5	4	0	15	10	0	0	0	11	0	2	12	8	1	0	6	5
199	27 Nov 19	09:55:00	1	0	1	0	CT	0	1	3	1	0	18	0	0	2	29	8	10	35	0	0	0	0	12	10	0	42	16	0	0	0	30	3	2	26	18	64	27	32	41
200	27 Nov 19	10:00:00	1	0	1	0	MT	0	1	3	0	0	13	0	0	0	9	0	0	1	0	0	5	1	7	3	0	14	3	0	0	0	16	1	0	25	7	14	0	4	7
200	27 Nov 19	10:00:00	1	0	1	0	CT	0	1	15	0	0	31	0	0	0	26	2	0	4	0	0	19	1	34	13	0	24	13	0	2	0	46	2	0	35	17	29	0	35	22
201	27 Nov 19	10:05:00	1	0	1	0	MT	0	1	1	0	0	7	0	0	0	11	0	3	0	0	0	4	0	9	0	0	14	8	0	0	0	15	4	0	22	9	13	0	6	14
201	27 Nov 19	10:05:00	1	0	1	0	CT	0	1	63	0	0	32	0	5	0	36	24	6	0	0	0	13	1	25	0	0	53	17	0	0	2	44	12	5	37	22	24	0	24	36
202	27 Nov 19	10:10:00	1	0	1	0	MT	0	1	0	0	0	4	0	0	0	9	2	5	0	0	0	2	0	9	0	0	8	5	1	0	0	8	8	0	16	9	13	0	3	14
202	27 Nov 19	10:10:00	1	0	1	0	CT	0	1	0	0	0	12	0	0	0	28	20	16	2	0	0	6	2	22	0	5	28	9	3	0	0	23	17	0	30	58	25	0	15	26
203	27 Nov 19	10:15:00	1	0	1	0	MT	0	1	3	0	0	6	0	0	0	7	0	0	0	0	0	2	3	13	12	1	16	0	7	3	0	10	0	0	26	13	11	0	6	20
203	27 Nov 19	10:15:00	1	0	1	0	CT	0	1	10	0	0	40	22	0	0	27	17	0	2	0	0	7	27	38	36	2	30	0	14	18	11	43	0	15	42	31	22	0	28	36
204	27 Nov 19	10:20:00	1	0	1	0	MT	0	1	0	0	0	5	0	0	0	12	1	5	0	0	0	0	3	12	1	2	14	0	11	2	1	15	0	0	30	14	12	0	3	9
204	27 Nov 19	10:20:00	1	0	1	0	CT	0	1	0	0	0	16	47	0	8	36	19	36	0	16	0	0	74	49	6	9	42	0	24	5	29	36	0	24	48	35	22	14	43	25
205	27 Nov 19	10:25:00	1	0	1	0	MT	0	1	3	0	0	2	0	0	2	15	0	7	0	1	0	0	13	10	0	0	7	0	12	0	4	13	0	0	24	12	20	0	4	14
205	27 Nov 19	10:25:00	1	0	1	0	CT	0	1	16	0	0	29	2	0	5	35	0	10	0	13	0	8	35	28	0	0	72	0	24	0	22	30	0	0	45	22	31	0	22	28
206	27 Nov 19	10:30:00	1	0	1	0	MT	0	1	6	0	0	4	0	0	2	9	1	2	0	4	0	0	15	16	0	0	15	0	10	0	13	14	6	0	25	9	12	0	7	11
206	27 Nov 19	10:30:00	1	0	1	0	CT	0	1	29	0	0	14	1	0	10	14	10	2	6	15	0	8	57	57	0	0	25	0	30	0	47	40	21	6	42	28	19	0	27	23
207	27 Nov 19	10:35:00	1	0	1	0	MT	0	1	2	0	0	11	0	0	2	8	0	5	0	2	0	2	9	8	0	0	21	0	19	0	13	6	0	0	21	17	10	0	9	13
207	27 Nov 19	10:35:00	1	0	1	0	CT	0	1	11	10	0	29	15	0	11	23	11	10	2	18	0	11	19	41	0	0	50	7	34	0	24	26	0	0	33	54	18	0	40	35
208	27 Nov 19	10:40:00	1	0	1	0	MT	0	1	7	0	0	8	0	0	6	13	0	0	0	3	0	0	12	5	0	0	18	0	15	0	11	9	0	4	24	10	6	0	8	15
208	27 Nov 19	10:40:00	1	0	1	0	CT	0	1	20	1	0	32	1	0	37	25	7	3	17	9	0	0	23	16	7	3	39	0	35	0	23	22	0	19	37	35	13	0	44	68
209	27 Nov 19	10:45:00	1	0	1	0	MT	0	1	1	0	0	20	0	0	5	15	0	0	0	0	0	0	3	6	4	0	22	4	11	0	15	12	0	0	23	0	17	0	5	10
209	27 Nov 19	10:45:00	1	0	1	0	CT	0	1	10	0	0	49	7	0	16	38	3	0	0	41	0	6	29	20	24	0	41	18	24	0	31	28	1	0	36	0	35	0	19	19
210	27 Nov 19	10:50:00	1	0	1	0	MT	0	1	0	0	0	14	0	0	4	15	0	0	4	0	0	1	16	2	10	0	16	9	8	0	15	9	4	0	25	0	15	0	4	7
210	27 Nov 19	10:50:00	1	0	1	0	CT	0	1	0	0	0	40	0	0	11	30	11	0	30	0	0	13	56	71	30	0	37	41	21	0	29	42	66	0	42	1	22	0	20	17
211	27 Nov 19	10:55:00	1	0	1	0	MT	0	1	0	0	0	12	2	0	1	14	0	0	5	0	0	0	17	0	4	0	19	5	0	0	12	7	6	0	24	5	4	2	8	0
211	27 Nov 19	10:55:00	1	0	1	0	CT	0	1	0	3	0	36	18	16	7	35	3	0	22	0	0	0	33	0	13	0	41	28	0	0	41	21	19	0	37	14	6	10	26	32
212	27 Nov 19	11:00:00	1	0	1	0	MT	0	1	0	0	0	12	2	0	4	12	0	0	1	0	0	0	10	0	3	0	12	8	0	5	13	5	0	0	18	12	0	0	6	0
212	27 Nov 19	11:00:00	1	0	1	0	CT	0	1	0	0	0	43	15	0	10	34	5	8	12	0	0	0	30	0	11	0	39	32	0	55	32	30	0	0	26	33	0	0	34	0
213	27 Nov 19	11:05:00	1	0	1	0	MT	0	1	0	0	0	13	3	0	1	13	0	2	10	0	0	0	11	0	0	0	13	11	0	1	10	0	4	0	21	3	1	0	6	0
213	27 Nov 19	11:05:00	1	0	1	0	CT	0	1	0	0	0	41	12	0	5	31	0	11	39	5	0	1	30	0	5	63	38	29	0	6	24	3	6	0	39	12	13	0	35	0
214	27 Nov 19	11:10:00	1	0	1	0	MT	0	1	0	0	0	11	0	0	7	11	0	0	10	7	0	0	11	0	0	0	19	8	0	1	16	1	8	0	24	7	5	0	5	9
214	27 Nov 19	11:10:00	1	0	1	0	CT	0	1	0	2	0	54	0	0	28	28	0	3	50	22	0	0	27	0	0	2	40	29	0	13	34	11	22	0	40	21	13	0	34	34
215	27 Nov 19	11:15:00	1	0	1	0	MT	0	1	0	0	0	8	0	0	2	3	0	0	10	4	0	0	8	0	0	0	22	3	0	4	7	17	0	0	19	14	19	0	6	20
215	27 Nov 19	11:15:00	1	0	1	0	CT	0	1	0	39	0	22	16	0	23	18	2	0	39	11	0	0	20	0	0	1	42	23	0	15	15	38	0	0	40	29	32	0	20	50
216	27 Nov 19	11:20:00	1	0	1	0	MT	0	1	0	0	0	9	0	0	0	3	0	0	6	3	0	0	6	0	1	0	18	8	5	0	11	9	2	0	23	12	4	0	9	19
216	27 Nov 19	11:20:00	1	0	1	0	CT	0	1	0	0	0	29	2	0	0	13	7	1	30	10	0	5	21	0	2	6	36	25	10	0	38	39	8	0	38	27	10	0	34	35
217	27 Nov 19	11:25:00	1	0	1	0	MT	0	1	0	0	0	11	3	0	3	11	0	0	6	0	0	0	0	0	1	0	18	2	4	0	18	7	2	0	18	6	0	0	5	18
217	27 Nov 19	11:25:00	1	0	1	0	CT	0	1	0	5	0	27	20	0	10	33	7	1	27	41	0	0	0	0	4	2	36	12	70	0	39	18	4	5	30	24	2	0	17	42
218	27 Nov 19	11:30:00	1	0	1	0	MT	0	1	2	0	0	7	1	0	3	14	0	0	0	0	0	0	6	0	4	0	12	5	15	0	11	12	0	0	24	8	0	0	4	3
218	27 Nov 19	11:30:00	1	0	1	0	CT	0	1	8	5	0	31	15	0	19	40	2	8	1	1	0	0	27	0	18	0	25	27	40	0	31	42	0	0	39	17	0	0	27	5
219	27 Nov 19	11:35:00	1	0	1	0	MT	0	1	1	0	0	11	0	0	0	9	0	0	2	0	0	0	8	0	0	0	12	8	15	0	7	9	0	0	26	10	1	0	6	0
219	27 Nov 19	11:35:00	1	0	1	0	CT	0	1	19	0	0	27	0	0	0	15	30	3	9	0	0	0	86	0	1	0	23	30	34	0	40	28	0	0	48	34	8	0	22	0
220	27 Nov 19	11:40:00	1	0	1	0	MT	0	1	3	0	0	15	5	0	0	8	0	0	4	0	0	0	4	0	0	1	6	5	10	0	12	12	8	0	25	15	7	0	6	0
220	27 Nov 19	11:40:00	1	0	1	0	CT	0	1	7	0	0	43	16	0	8	32	13	0	15	0	0	0	32	0	0	3	14	27	20	0	37	30	26	0	41	36	34	6	20	0
221	27 Nov 19	11:45:00	1	0	1	0	MT	0	1	0	0	0	16	3	0	0	7	0	0	2	0	0	0	9	0	2	1	2	6	8	0	15	3	0	0	24	12	0	2	3	0
221	27 Nov 19	11:45:00	1	0	1	0	CT	0	1	0	0	0	35	12	0	0	24	0	9	13	0	0	0	47	0	9	1	5	19	25	0	29	25	5	0	40	36	1	10	27	0
222	27 Nov 19	11:50:00	1	0	1	0	MT	0	1	1	0	0	14	3	3	1	17	0	0	0	0	0	0	14	0	1	0	0	6	7	0	15	14	0	0	15	13	0	0	8	0
222	27 Nov 19	11:50:00	1	0	1	0	CT	0	1	10	0	0	48	11	27	3	35	0	2	5	0	0	0	40	0	6	0	12	21	26	0	42	26	0	0	33	28	0	0	31	0
223	27 Nov 19	11:55:00	1	0	1	0	MT	0	1	2	0	0	14	2	5	5	10	0	0	0	0	0	0	10	0	0	0	0	3	9	0	15	12	0	0	12	15	2	0	6	0
223	27 Nov 19	11:55:00	1	0	1	0	CT	0	1	5	0	0	33	7	24	41	32	0	4	7	0	0	1	42	0	0	0	6	20	15	0	28	40	0	0	27	30	10	0	24	0
224	27 Nov 19	12:00:00	1	0	1	0	MT	0	1	0	0	0	15	0	2	0	10	0	0	2	0	0	2	5	0	0	0	2	7	14	0	15	4	1	0	24	6	4	0	6	0
224	27 Nov 19	12:00:00	1	0	1	0	CT	0	1	0	0	0	34	0	27	3	35	0	0	14	2	0	11	14	0	0	0	3	17	28	0	33	12	6	0	41	13	25	0	71	0
225	27 Nov 19	12:05:00	1	0	1	0	MT	0	1	0	0	0	11	0	3	0	13	0	0	2	1	0	3	10	0	0	0	0	1	15	4	12	8	2	0	24	1	0	0	8	0
225	27 Nov 19	12:05:00	1	0	1	0	CT	0	1	0	0	0	31	0	5	11	29	0	1	11	12	0	21	21	0	0	0	0	14	27	16	25	37	4	0	40	3	1	0	25	0
226	27 Nov 19	12:10:00	1	0	1	0	MT	0	1	0	0	0	7	0	1	0	12	0	0	0	2	0	8	8	0	3	0	0	0	8	0	9	10	2	0	29	1	0	0	13	0
226	27 Nov 19	12:10:00	1	0	1	0	CT	0	1	0	0	0	40	0	14	0	31	0	10	0	23	0	37	26	0	4	0	0	0	14	58	24	44	7	0	50	46	0	0	40	0
227	27 Nov 19	12:15:00	1	0	1	0	MT	0	1	0	0	0	12	0	0	0	16	0	0	0	5	0	6	1	0	0	0	0	7	0	0	14	8	0	1	22	9	0	0	6	0
227	27 Nov 19	12:15:00	1	0	1	0	CT	0	1	0	0	0	39	0	4	0	39	0	4	0	12	0	16	6	0	1	0	0	21	0	14	28	21	1	11	42	35	1	0	35	0
228	27 Nov 19	12:20:00	1	0	1	0	MT	0	1	0	0	0	10	0	0	0	10	0	0	0	4	0	1	4	1	1	0	0	8	0	0	11	13	0	1	22	6	2	0	8	0
228	27 Nov 19	12:20:00	1	0	1	0	CT	0	1	0	0	0	20	0	0	0	22	0	10	4	14	0	4	12	16	6	0	0	34	0	5	29	26	0	1	46	22	7	0	31	1
229	27 Nov 19	12:25:00	1	0	1	0	MT	0	1	0	0	0	4	0	0	0	14	0	0	0	7	0	8	6	1	0	0	0	7	0	0	10	11	2	0	22	12	15	0	6	0
229	27 Nov 19	12:25:00	1	0	1	0	CT	0	1	12	0	0	20	0	0	0	31	0	0	0	22	0	23	13	1	0	0	0	18	0	0	24	43	2	0	39	35	41	0	22	0
230	27 Nov 19	12:30:00	1	0	1	0	MT	0	1	0	0	0	17	0	0	0	13	0	0	0	7	0	4	0	0	3	0	0	1	0	0	10	12	6	0	11	9	15	0	1	0
230	27 Nov 19	12:30:00	1	0	1	0	CT	0	1	0	0	0	35	0	63	0	23	0	0	0	38	0	8	0	1	11	0	0	1	0	0	25	33	20	0	41	26	43	0	3	0
231	27 Nov 19	12:35:00	1	0	1	0	MT	0	1	0	0	0	13	0	0	0	8	0	0	0	2	0	0	2	0	0	0	0	0	0	0	8	11	1	0	23	16	13	0	2	0
231	27 Nov 19	12:35:00	1	0	1	0	CT	0	1	0	0	0	21	0	2	0	31	0	0	0	9	0	0	23	0	1	0	3	4	0	0	21	37	3	0	41	29	37	1	4	5
232	27 Nov 19	12:40:00	1	0	1	0	MT	0	1	0	0	0	14	0	0	0	17	0	0	0	6	0	2	0	0	0	0	4	10	0	0	11	7	0	0	26	1	21	0	1	0
232	27 Nov 19	12:40:00	1	0	1	0	CT	0	1	0	0	0	39	0	1	0	37	0	0	0	20	0	5	0	0	0	0	35	39	0	0	27	25	0	0	39	3	40	0	5	0
233	27 Nov 19	12:45:00	1	0	1	0	MT	0	1	0	0	0	9	0	0	0	22	0	0	0	3	0	1	0	0	1	0	9	11	1	0	12	12	0	0	26	5	13	0	4	0
233	27 Nov 19	12:45:00	1	0	1	0	CT	0	1	0	3	0	31	0	0	0	40	0	3	1	30	0	4	6	2	1	0	39	35	21	0	30	35	0	0	44	10	20	0	25	0
234	27 Nov 19	12:50:00	1	0	1	0	MT	0	1	0	0	0	10	0	0	0	15	0	0	0	9	0	3	0	0	1	0	14	6	0	0	10	9	0	0	28	0	6	0	7	0
234	27 Nov 19	12:50:00	1	0	1	0	CT	0	1	0	0	0	32	0	0	0	28	0	3	3	16	0	9	0	5	2	0	40	14	9	0	28	33	0	0	39	0	18	0	26	0
235	27 Nov 19	12:55:00	1	0	1	0	MT	0	1	0	0	0	6	0	0	0	14	0	0	0	6	0	2	0	0	0	0	9	6	0	0	8	6	1	0	23	0	1	0	8	0
235	27 Nov 19	12:55:00	1	0	1	0	CT	0	1	0	0	0	17	0	7	0	32	0	2	0	16	0	22	0	1	3	0	38	43	1	0	17	19	3	0	45	0	12	5	27	0
236	27 Nov 19	13:00:00	1	0	1	0	MT	0	1	0	0	0	2	0	0	0	15	0	0	0	6	0	5	0	0	0	0	20	5	0	0	16	13	2	0	22	0	16	0	0	0
236	27 Nov 19	13:00:00	1	0	1	0	CT	0	1	0	0	0	9	0	0	0	26	0	2	9	12	0	23	0	5	0	0	55	28	0	0	34	45	5	0	38	0	28	6	0	0
237	27 Nov 19	13:05:00	1	0	1	0	MT	0	1	0	0	0	12	0	0	0	9	0	0	0	5	0	3	0	1	0	0	13	4	1	1	13	9	0	0	26	0	13	0	0	0
237	27 Nov 19	13:05:00	1	0	1	0	CT	0	1	15	0	0	31	0	0	0	74	0	0	0	15	0	9	0	2	0	0	34	18	6	19	30	22	0	0	47	1	26	0	0	0
238	27 Nov 19	13:10:00	1	0	1	0	MT	0	1	0	0	0	15	0	0	0	16	0	0	0	5	0	2	0	0	0	0	12	5	4	2	15	11	0	0	24	0	12	4	0	0
238	27 Nov 19	13:10:00	1	0	1	0	CT	0	1	1	0	0	40	0	0	0	34	0	14	0	23	1	3	12	0	0	0	32	28	25	18	37	36	0	0	41	4	31	21	0	0
239	27 Nov 19	13:15:00	1	0	1	0	MT	0	1	3	0	0	8	0	0	0	16	0	0	0	4	0	0	0	3	0	0	17	11	0	0	19	10	3	0	25	1	0	0	0	0
239	27 Nov 19	13:15:00	1	0	1	0	CT	0	1	20	0	0	15	0	0	0	39	0	6	0	16	3	0	6	19	5	0	38	42	2	0	36	38	17	0	38	6	1	62	6	0
240	27 Nov 19	13:20:00	1	0	1	0	MT	0	1	0	0	0	12	0	0	0	14	0	0	0	6	2	6	0	0	1	0	15	8	0	0	12	8	3	0	24	1	0	2	0	0
240	27 Nov 19	13:20:00	1	0	1	0	CT	0	1	17	0	0	20	0	0	0	35	0	12	0	23	4	22	6	0	19	0	34	22	0	0	28	24	9	0	39	4	0	17	5	0
241	27 Nov 19	13:25:00	1	0	1	0	MT	0	1	9	0	0	14	1	0	0	11	0	0	0	9	0	5	6	0	3	0	17	3	0	0	16	12	0	0	27	0	0	0	0	0
241	27 Nov 19	13:25:00	1	0	1	0	CT	0	1	28	0	0	27	1	0	0	21	0	5	0	29	7	23	47	11	16	0	45	14	0	0	31	49	1	0	42	0	0	2	2	0
242	27 Nov 19	13:30:00	1	0	1	0	MT	0	1	2	0	0	14	2	0	0	11	0	0	0	4	0	7	0	2	1	0	18	10	0	0	9	10	0	0	24	0	0	0	0	0
242	27 Nov 19	13:30:00	1	0	1	0	CT	0	1	11	0	0	29	16	0	0	40	0	0	4	17	2	34	0	4	18	0	34	35	0	0	25	43	0	3	40	0	0	13	1	0
243	27 Nov 19	13:35:00	1	0	1	0	MT	0	1	0	0	0	9	3	0	0	17	0	0	0	7	8	4	0	0	4	0	17	8	4	0	16	8	0	0	22	0	0	0	2	0
243	27 Nov 19	13:35:00	1	0	1	0	CT	0	1	0	2	0	32	15	0	0	43	0	0	0	22	17	20	6	6	9	7	34	29	12	0	38	37	2	6	35	0	0	16	14	0
244	27 Nov 19	13:40:00	1	0	1	0	MT	0	1	0	0	0	7	1	0	0	16	0	0	0	5	3	4	5	0	0	0	14	9	4	0	17	13	2	0	18	0	1	0	0	0
244	27 Nov 19	13:40:00	1	0	1	0	CT	0	1	0	1	0	32	12	0	0	28	0	1	0	9	7	30	30	23	1	0	34	33	37	0	32	33	8	5	27	0	28	5	0	0
245	27 Nov 19	13:45:00	1	0	1	0	MT	0	1	0	2	0	5	0	0	0	14	0	0	0	9	5	4	11	0	6	0	22	5	3	0	12	9	4	0	14	0	0	0	0	0
245	27 Nov 19	13:45:00	1	0	1	0	CT	0	1	0	14	0	16	9	0	0	23	0	0	0	21	8	13	68	10	72	0	44	20	8	0	35	25	12	0	26	0	63	2	0	0
246	27 Nov 19	13:50:00	1	0	1	0	MT	0	1	0	2	0	11	0	0	0	20	0	0	0	4	6	0	13	3	4	0	25	10	9	0	7	15	0	0	28	2	10	0	0	0
246	27 Nov 19	13:50:00	1	0	1	0	CT	0	1	0	7	0	23	0	0	0	39	0	0	0	25	34	0	45	21	6	0	66	30	32	2	16	30	0	0	44	16	22	5	4	0
247	27 Nov 19	13:55:00	1	0	1	0	MT	0	1	0	0	0	7	0	0	0	12	0	0	0	3	1	0	10	4	0	0	22	5	5	2	6	12	0	0	24	1	6	0	2	0
247	27 Nov 19	13:55:00	1	0	1	0	CT	0	1	0	0	0	28	0	0	0	27	0	0	0	15	19	0	40	46	2	0	44	22	28	43	17	41	0	0	38	3	32	2	22	0
248	27 Nov 19	14:00:00	1	0	1	0	MT	0	1	0	0	0	10	0	0	0	20	0	0	0	9	7	3	6	8	0	0	24	11	11	0	0	9	4	0	23	8	6	0	6	0
248	27 Nov 19	14:00:00	1	0	1	0	CT	0	1	0	0	0	32	0	0	0	32	0	0	0	19	38	9	69	28	0	3	48	37	39	0	0	21	10	4	41	41	12	0	41	0
249	27 Nov 19	14:05:00	1	0	1	0	MT	0	1	0	0	0	6	0	0	0	12	0	0	0	5	4	3	7	6	0	0	26	13	13	0	0	6	2	0	23	8	10	0	5	0
249	27 Nov 19	14:05:00	1	0	1	0	CT	0	1	1	0	0	10	0	0	0	22	4	54	1	36	16	19	21	25	0	0	41	40	35	0	0	76	17	0	37	25	25	0	44	3
250	27 Nov 19	14:10:00	1	0	1	0	MT	0	1	0	0	0	6	0	0	0	13	0	1	0	6	2	3	9	8	4	0	23	10	10	0	0	11	2	0	26	13	7	0	3	0
250	27 Nov 19	14:10:00	1	0	1	0	CT	0	1	0	0	0	19	0	10	0	31	0	61	0	17	6	6	29	28	21	0	49	24	20	0	0	30	8	0	44	43	15	0	22	3
251	27 Nov 19	14:15:00	1	0	1	0	MT	0	1	0	0	0	0	0	0	0	11	0	0	0	6	4	0	3	8	4	0	18	5	8	0	0	7	0	0	23	14	11	0	8	0
251	27 Nov 19	14:15:00	1	0	1	0	CT	0	1	0	0	0	0	0	10	0	25	0	0	1	26	12	1	9	18	28	0	41	33	23	0	0	16	0	0	38	32	45	0	32	10
252	27 Nov 19	14:20:00	1	0	1	0	MT	0	1	0	0	0	0	0	6	0	7	3	0	0	8	0	0	13	10	2	0	29	9	12	0	0	13	0	0	19	16	10	0	4	0
252	27 Nov 19	14:20:00	1	0	1	0	CT	0	1	0	0	0	0	1	34	0	28	23	0	6	21	0	0	68	41	9	0	59	58	40	27	0	32	24	0	39	45	39	63	13	40
253	27 Nov 19	14:25:00	1	0	1	0	MT	0	1	0	0	0	0	0	4	0	6	1	0	0	5	0	0	7	6	0	0	25	8	10	0	0	15	0	0	19	9	7	2	5	2
253	27 Nov 19	14:25:00	1	0	1	0	CT	0	1	0	0	0	0	0	18	0	26	2	0	0	22	0	0	28	29	0	0	48	38	30	0	0	47	63	3	47	21	14	10	33	7
254	27 Nov 19	14:30:00	1	0	1	0	MT	0	1	0	0	0	0	0	0	0	17	0	0	0	0	0	0	18	6	0	0	23	8	11	0	0	10	0	2	16	15	11	0	7	0
254	27 Nov 19	14:30:00	1	0	1	0	CT	0	1	0	0	0	0	0	0	0	29	0	0	7	0	0	0	40	33	0	0	46	17	25	0	0	28	2	3	28	38	28	0	22	0
255	27 Nov 19	14:35:00	1	0	1	0	MT	0	1	0	0	0	0	0	0	0	18	0	4	0	6	0	0	11	12	0	0	18	7	7	0	0	11	0	0	18	5	5	0	9	0
255	27 Nov 19	14:35:00	1	0	1	0	CT	0	1	0	0	0	0	0	0	0	43	0	24	8	16	0	0	27	41	0	0	51	21	22	3	0	24	1	0	33	15	9	0	33	0
256	27 Nov 19	14:40:00	1	0	1	0	MT	0	1	2	0	0	0	0	0	0	10	0	1	0	4	0	0	0	5	0	0	20	14	11	0	0	12	1	0	21	14	8	0	3	0
256	27 Nov 19	14:40:00	1	0	1	0	CT	0	1	18	0	0	0	0	0	0	22	0	10	26	26	0	0	7	41	15	0	54	31	35	0	0	30	63	0	34	40	18	0	19	0
257	27 Nov 19	14:45:00	1	0	1	0	MT	0	1	6	0	0	0	0	0	0	12	0	6	8	4	0	0	1	6	5	0	27	7	0	0	0	12	0	0	25	15	6	0	4	0
257	27 Nov 19	14:45:00	1	0	1	0	CT	0	1	30	0	0	0	0	0	0	49	0	62	43	16	3	0	2	31	39	0	56	32	17	0	0	37	0	0	40	31	14	16	17	0
258	27 Nov 19	14:50:00	1	0	1	0	MT	0	1	3	0	0	0	0	0	0	12	0	4	3	2	0	7	2	6	12	0	17	9	3	0	0	8	3	0	29	12	10	2	4	0
258	27 Nov 19	14:50:00	1	0	1	0	CT	0	1	30	0	0	0	0	0	5	30	0	22	19	16	0	22	20	14	35	0	41	27	64	0	0	42	10	0	46	29	43	63	14	0
259	27 Nov 19	14:55:00	1	0	1	0	MT	0	1	5	0	0	0	0	0	0	18	0	7	8	7	0	4	11	8	13	0	12	14	12	3	0	12	7	0	19	14	8	0	7	0
259	27 Nov 19	14:55:00	1	0	1	0	CT	0	1	18	0	0	0	0	0	10	43	0	22	24	22	1	17	57	31	28	0	26	42	23	17	0	26	22	0	37	34	21	3	32	0
260	27 Nov 19	15:00:00	1	0	1	0	MT	0	1	1	0	0	0	0	0	0	16	0	1	1	10	1	2	10	7	1	0	15	9	4	1	0	15	0	0	27	1	11	0	4	0
260	27 Nov 19	15:00:00	1	0	1	0	CT	0	1	1	0	0	0	0	0	5	42	0	52	4	43	6	7	62	28	4	0	33	27	13	3	0	33	0	0	41	3	29	0	15	0
261	27 Nov 19	15:05:00	1	0	1	0	MT	0	1	0	0	0	0	0	0	0	17	0	0	1	9	0	0	3	12	0	0	18	9	5	5	0	10	1	0	25	4	7	0	8	0
261	27 Nov 19	15:05:00	1	0	1	0	CT	0	1	0	0	0	0	0	0	0	36	0	0	4	33	3	0	64	37	0	0	33	37	20	43	0	28	2	13	43	11	14	0	26	0
262	27 Nov 19	15:10:00	1	0	1	0	MT	0	1	0	0	0	0	0	0	0	14	0	0	4	10	9	9	12	11	1	1	13	13	13	3	0	14	1	0	26	10	11	0	9	0
262	27 Nov 19	15:10:00	1	0	1	0	CT	0	1	0	0	0	0	0	0	0	32	0	8	10	20	17	39	43	24	3	15	31	50	28	4	0	39	41	19	42	32	17	6	37	0
263	27 Nov 19	15:15:00	1	0	1	0	MT	0	1	0	0	0	0	3	0	0	8	0	2	9	2	6	13	4	11	0	0	23	5	10	3	0	9	2	2	27	10	15	0	5	0
263	27 Nov 19	15:15:00	1	0	1	0	CT	0	1	0	0	0	0	17	0	0	32	23	15	45	24	14	34	31	44	0	2	45	24	28	58	4	21	29	16	42	18	25	2	31	4
264	27 Nov 19	15:20:00	1	0	1	0	MT	0	1	0	0	0	0	2	1	0	14	0	2	9	3	1	9	4	7	6	0	11	10	9	2	0	9	2	0	23	15	5	0	6	0
264	27 Nov 19	15:20:00	1	0	1	0	CT	0	1	0	0	0	0	18	3	0	31	3	2	47	12	2	30	31	55	18	8	31	29	25	14	4	24	6	6	47	38	11	11	35	0
265	27 Nov 19	15:25:00	1	0	1	0	MT	0	1	0	0	0	0	0	7	0	15	0	7	9	3	11	6	4	8	2	0	24	13	15	2	0	11	2	0	23	17	11	0	6	0
265	27 Nov 19	15:25:00	1	0	1	0	CT	0	1	0	0	0	0	0	29	0	24	5	14	25	8	22	19	17	30	14	0	50	34	42	11	15	40	10	0	44	34	22	0	19	19
266	27 Nov 19	15:30:00	1	0	1	0	MT	0	1	4	0	0	0	1	5	0	14	0	0	9	6	3	14	13	7	8	1	17	12	8	5	0	7	7	0	24	12	15	1	3	0
266	27 Nov 19	15:30:00	1	0	1	0	CT	0	1	26	23	0	0	22	28	0	26	2	11	46	15	15	35	43	38	74	27	34	42	13	70	1	25	18	0	37	26	22	67	14	2
267	27 Nov 19	15:35:00	1	0	1	0	MT	0	1	1	0	0	0	3	3	0	15	0	2	3	7	12	2	10	12	1	2	23	14	22	8	0	14	5	0	22	12	12	5	4	0
267	27 Nov 19	15:35:00	1	0	1	0	CT	0	1	5	5	0	0	16	9	0	31	0	20	20	22	16	12	30	48	2	20	42	33	37	46	0	31	15	0	40	41	20	27	29	1
268	27 Nov 19	15:40:00	1	0	1	0	MT	0	1	4	0	0	0	1	3	0	10	0	2	7	11	9	0	5	16	9	1	22	9	13	6	0	9	1	0	20	15	14	4	5	0
268	27 Nov 19	15:40:00	1	0	1	0	CT	0	1	43	4	0	0	6	9	3	25	1	15	30	37	26	0	22	57	29	5	55	30	37	33	7	32	1	7	41	37	28	11	37	14
269	27 Nov 19	15:45:00	1	0	1	0	MT	0	1	4	2	0	0	0	3	0	17	0	0	9	8	11	0	4	11	13	7	17	6	9	1	0	12	0	0	27	15	12	0	6	0
269	27 Nov 19	15:45:00	1	0	1	0	CT	0	1	16	5	0	0	0	9	0	32	11	0	23	37	57	0	11	28	31	41	37	29	22	5	43	50	4	1	47	34	22	0	13	0
270	27 Nov 19	15:50:00	1	0	1	0	MT	0	1	0	0	0	0	5	2	0	12	0	0	16	8	8	4	0	10	9	7	8	6	4	0	2	9	3	0	21	12	18	4	10	0
270	27 Nov 19	15:50:00	1	0	1	0	CT	0	1	0	10	0	0	22	30	2	26	9	0	34	23	23	20	0	52	18	25	23	76	18	0	20	36	12	13	37	24	42	20	30	2
271	27 Nov 19	15:55:00	1	0	1	0	MT	0	1	0	0	0	0	3	1	4	22	0	2	7	7	8	10	0	10	16	9	16	6	15	0	0	12	0	4	23	17	12	0	9	0
271	27 Nov 19	15:55:00	1	0	1	0	CT	0	1	0	3	0	0	15	4	19	45	4	9	31	19	18	25	12	34	31	21	43	19	32	6	0	35	0	17	50	39	24	0	22	2
272	27 Nov 19	16:00:00	1	0	1	0	MT	0	1	0	0	0	0	3	7	3	22	5	7	6	8	3	11	4	10	18	7	27	10	11	1	5	9	2	0	20	19	12	2	6	0
272	27 Nov 19	16:00:00	1	0	1	0	CT	0	1	0	0	0	0	13	20	32	50	22	26	23	51	4	79	21	44	39	28	42	29	22	18	36	48	12	17	35	32	37	35	29	0
273	27 Nov 19	16:05:00	1	0	1	0	MT	0	1	0	0	0	0	4	7	3	16	1	0	9	4	2	12	0	12	7	8	24	11	9	3	10	11	4	0	24	19	18	2	4	0
273	27 Nov 19	16:05:00	1	0	1	0	CT	0	1	0	0	0	0	18	26	20	40	8	2	21	9	8	27	18	53	21	39	37	33	28	19	38	37	23	0	44	43	29	19	25	0
274	27 Nov 19	16:10:00	1	0	1	0	MT	0	1	4	0	0	0	2	5	9	15	0	0	9	7	0	13	0	10	4	7	27	13	21	1	4	14	2	1	17	7	11	5	0	0
274	27 Nov 19	16:10:00	1	0	1	0	CT	0	1	16	0	0	0	25	22	29	29	0	6	27	16	0	35	9	43	96	13	41	54	48	3	33	34	13	6	44	23	24	20	16	0
275	27 Nov 19	16:15:00	1	0	1	0	MT	0	1	3	0	0	0	5	4	15	17	0	0	9	3	0	6	0	12	18	3	17	14	17	0	10	15	3	4	27	9	17	9	5	0
275	27 Nov 19	16:15:00	1	0	1	0	CT	0	1	10	0	0	0	36	16	33	38	1	3	41	10	0	17	0	59	37	12	44	38	40	63	33	42	17	18	47	28	27	36	27	0
276	27 Nov 19	16:20:00	1	0	1	0	MT	0	1	2	0	0	0	3	3	12	14	0	2	5	8	0	13	0	12	16	2	18	18	9	3	12	10	7	0	25	14	12	6	7	0
276	27 Nov 19	16:20:00	1	0	1	0	CT	0	1	22	0	0	0	13	12	32	33	63	19	17	29	0	34	0	36	36	13	35	41	22	14	24	42	18	0	47	35	32	20	39	0
277	27 Nov 19	16:25:00	1	0	1	0	MT	0	1	5	0	0	0	5	0	8	14	2	4	7	6	0	12	0	11	17	5	18	14	8	1	8	10	6	4	20	12	18	0	4	0
277	27 Nov 19	16:25:00	1	0	1	0	CT	0	1	19	0	0	0	20	0	18	32	10	20	23	22	0	65	0	34	37	27	47	37	23	6	28	32	15	21	31	20	30	0	36	5
278	27 Nov 19	16:30:00	1	0	1	0	MT	0	1	10	0	0	0	0	0	10	12	0	0	8	7	0	12	0	11	16	6	23	10	14	4	4	9	8	2	23	21	11	0	0	0
278	27 Nov 19	16:30:00	1	0	1	0	CT	0	1	34	0	0	0	0	0	26	34	0	1	33	17	3	24	0	30	28	18	48	28	30	22	11	28	44	10	39	42	20	0	15	5
279	27 Nov 19	16:35:00	1	0	1	0	MT	0	1	1	0	0	0	0	0	17	8	0	0	12	5	3	7	0	11	10	9	24	10	8	0	9	12	4	2	29	18	9	4	7	3
279	27 Nov 19	16:35:00	1	0	1	0	CT	0	1	14	0	0	25	0	6	31	65	0	8	25	18	7	29	0	21	27	29	42	28	20	6	19	25	8	11	43	33	19	23	29	76
280	27 Nov 19	16:40:00	1	0	1	0	MT	0	1	0	0	0	0	0	0	13	18	0	0	6	2	15	5	0	14	12	6	24	13	10	5	12	15	0	3	17	15	12	2	3	7
280	27 Nov 19	16:40:00	1	0	1	0	CT	0	1	0	0	0	2	0	2	32	40	0	9	16	27	33	18	1	47	29	24	51	43	26	20	32	33	0	11	41	33	38	14	21	74
281	27 Nov 19	16:45:00	1	0	1	0	MT	0	1	1	0	0	0	0	0	16	17	0	0	0	9	10	5	0	12	15	4	25	9	14	5	8	10	0	4	25	8	18	1	2	15
281	27 Nov 19	16:45:00	1	0	1	0	CT	0	1	1	0	0	5	0	11	35	36	1	61	2	27	14	26	0	22	37	30	44	35	28	19	24	36	0	18	46	30	36	22	18	42
282	27 Nov 19	16:50:00	1	0	1	0	MT	0	1	1	0	0	4	0	0	18	20	5	2	7	6	14	5	0	18	14	13	25	12	10	3	2	18	2	5	21	10	18	5	9	12
282	27 Nov 19	16:50:00	1	0	1	0	CT	0	1	4	4	0	32	0	2	32	40	18	7	22	50	25	37	0	49	25	28	46	36	29	27	11	33	5	8	49	24	39	17	23	35
283	27 Nov 19	16:55:00	1	0	1	0	MT	0	1	0	0	0	2	0	0	16	11	2	0	7	5	11	7	0	17	10	11	16	12	8	4	18	15	6	16	12	12	16	0	2	15
283	27 Nov 19	16:55:00	1	0	1	0	CT	0	1	9	5	0	39	0	0	39	25	10	13	19	16	22	30	0	46	18	21	48	30	14	15	49	46	34	35	21	27	29	0	28	43
284	27 Nov 19	17:00:00	1	0	1	0	MT	0	1	3	0	0	7	0	0	10	8	4	8	5	5	5	7	2	18	15	9	20	12	14	4	9	8	2	8	19	14	18	1	10	9
284	27 Nov 19	17:00:00	1	0	1	0	CT	0	1	11	0	0	38	0	2	34	28	16	20	26	18	44	16	9	41	25	22	42	38	26	16	23	43	4	20	33	35	27	5	39	30
285	27 Nov 19	17:05:00	1	0	1	0	MT	0	1	3	0	0	2	0	0	14	18	3	0	1	5	6	12	0	10	9	11	20	9	14	5	12	7	6	3	24	15	9	6	8	6
285	27 Nov 19	17:05:00	1	0	1	0	CT	0	1	20	0	0	27	0	0	28	36	7	0	2	19	18	37	0	39	25	44	45	40	30	33	31	40	26	5	39	32	18	28	28	27
286	27 Nov 19	17:10:00	1	0	1	0	MT	0	1	0	0	0	6	0	0	14	15	6	0	0	8	10	12	0	8	15	9	27	8	6	7	14	12	6	0	18	19	18	3	5	12
286	27 Nov 19	17:10:00	1	0	1	0	CT	0	1	0	0	0	33	0	0	36	45	7	0	0	22	19	31	1	36	29	43	37	24	20	29	26	59	20	3	35	33	34	11	12	33
287	27 Nov 19	17:15:00	1	0	1	0	MT	0	1	1	0	0	8	0	0	19	9	0	2	10	6	6	9	0	13	11	12	27	13	10	9	20	13	1	3	31	12	17	6	6	14
287	27 Nov 19	17:15:00	1	0	1	0	CT	0	1	1	3	0	24	0	0	37	33	4	11	36	13	16	37	0	40	18	35	41	32	20	47	48	34	1	17	48	28	35	24	23	30
288	27 Nov 19	17:20:00	1	0	1	0	MT	0	1	0	2	0	3	1	0	12	16	6	0	6	7	6	8	0	11	9	12	21	7	18	5	11	12	3	10	27	21	14	5	0	12
288	27 Nov 19	17:20:00	1	0	1	0	CT	0	1	6	7	0	5	4	1	27	52	17	3	19	72	42	40	12	43	19	34	46	21	31	36	37	34	15	22	44	37	21	23	37	45
289	27 Nov 19	17:25:00	1	0	1	0	MT	0	1	4	3	0	0	4	0	11	18	0	2	4	6	14	4	9	12	14	16	22	10	11	5	21	18	4	3	21	18	15	1	5	9
289	27 Nov 19	17:25:00	1	0	1	0	CT	0	1	19	18	0	57	25	0	44	42	12	25	13	25	36	31	61	34	37	52	37	34	39	36	40	58	15	6	43	39	32	4	26	22
290	27 Nov 19	17:30:00	1	0	1	0	MT	0	1	3	1	0	6	0	0	20	19	0	7	12	6	7	9	3	11	13	15	30	12	17	0	19	18	3	7	21	15	12	2	6	15
290	27 Nov 19	17:30:00	1	0	1	0	CT	0	1	14	1	0	11	0	0	46	37	7	33	50	18	11	30	9	39	29	44	53	37	41	0	38	41	71	17	32	29	25	6	23	39
291	27 Nov 19	17:35:00	1	0	1	0	MT	0	1	6	0	0	14	1	0	19	17	4	12	3	6	6	7	12	13	16	12	23	12	14	0	19	12	4	9	16	23	12	0	7	9
291	27 Nov 19	17:35:00	1	0	1	0	CT	0	1	15	0	0	39	29	0	35	30	16	24	23	27	13	30	54	62	26	42	48	37	30	4	49	33	72	28	41	38	35	8	40	35
292	27 Nov 19	17:40:00	1	0	1	0	MT	0	1	1	0	0	8	0	2	18	18	2	8	6	11	6	3	6	15	9	17	19	15	12	0	20	12	15	12	21	20	10	10	3	1
292	27 Nov 19	17:40:00	1	0	1	0	CT	0	1	69	0	0	25	0	36	29	31	13	29	29	41	20	38	15	50	28	85	37	36	24	0	47	34	28	41	66	34	37	44	19	64
293	27 Nov 19	17:45:00	1	0	1	0	MT	0	1	4	0	0	9	0	5	13	15	0	15	9	9	0	11	4	12	20	17	23	15	12	2	15	11	15	4	24	24	24	0	7	10
293	27 Nov 19	17:45:00	1	0	1	0	CT	0	1	13	0	0	32	0	44	30	33	0	31	28	27	0	36	14	51	44	39	38	34	26	29	33	33	34	13	43	37	45	5	25	26
